-144.75;45.25;-3.2362507685882625e-05
-125.75;45.25;-0.0006090490319706519
-110.25;45.25;5.899525884801845e-06
-125.25;45.25;-0.0008354801386351446
-142.25;45.25;0.0007037182636579869
-124.75;45.25;-0.0009014937340353571
-124.25;45.25;-0.0006056670238382151
-123.75;45.25;-7.776991008495199e-05
-123.25;45.25;0.00031710138434017446
-122.75;45.25;0.0003299491104744712
-122.25;45.25;5.4424774602093804e-05
-142.75;45.25;0.000922363749237828
-121.75;45.25;-0.00021195258961331315
-126.25;45.25;-0.000504349938100161
-121.25;45.25;-0.00029858999436297004
-120.25;45.25;-0.00037337506628195975
-119.75;45.25;-0.0004581434644595737
-119.25;45.25;-0.0002787657045482005
-143.25;45.25;0.000966248804196147
-118.75;45.25;0.00033786656081308383
-118.25;45.25;0.0011843647231908707
-117.75;45.25;0.0017715069347501264
-117.25;45.25;0.0017342629595847572
-116.75;45.25;0.0011351841266831581
-116.25;45.25;0.00036439845060908514
-143.75;45.25;0.0007420114535706337
-115.75;45.25;-0.0002327057309364377
-120.75;45.25;-0.0002999614438700523
-126.75;45.25;-0.000580089204463199
-127.25;45.25;-0.0006501591743532713
-141.75;45.25;0.00044928175248075197
-139.75;45.25;-0.001035889436958916
-138.75;45.25;-0.0006634317924995339
-138.25;45.25;0.00021418730306730879
-137.75;45.25;0.0011028459789733205
-137.25;45.25;0.0016065210480582504
-136.75;45.25;0.0016397357147528854
-136.25;45.25;0.0014516330868838915
-140.25;45.25;-0.0006104146055162245
-135.75;45.25;0.001363778599615691
-135.25;45.25;0.0014800562232117412
-134.75;45.25;0.001638491404223306
-134.25;45.25;0.0016211296303770258
-133.75;45.25;0.0013831627267868146
-133.25;45.25;0.0010650202292083744
-140.75;45.25;-0.00014869942440549365
-132.75;45.25;0.0007983382028459998
-132.25;45.25;0.0005412784065304394
-131.75;45.25;0.00014034314681202653
-131.25;45.25;-0.0004440597369610363
-130.75;45.25;-0.0010092842826206695
-141.25;45.25;0.00019201936738407862
-130.25;45.25;-0.0012517148995529592
-129.75;45.25;-0.0010568005678136807
-129.25;45.25;-0.0006350243946892634
-128.75;45.25;-0.0003429669236433571
-128.25;45.25;-0.00035925190902070153
-127.75;45.25;-0.0005483681794161074
-115.25;45.25;-0.0005988499226760815
-114.75;45.25;-0.0008564600821845652
-139.25;45.25;-0.0011210409888147504
-111.75;45.25;0.0015831996794913403
-112.75;45.25;0.0004303296112303029
-112.25;45.25;0.0012349193244822181
-110.75;45.25;0.0007002798927970659
-111.25;45.25;0.001339235567823995
-113.75;45.25;-0.0009412334799205268
-144.25;45.25;0.0003318562032410566
-114.25;45.25;-0.001028652424537246
-113.25;45.25;-0.00042295390897473636
-142.25;45.75;0.00034677408149324867
-135.75;45.75;6.836289236965117e-06
-110.75;45.75;0.0004958541655711039
-113.75;45.75;-0.0010359206249152876
-122.25;45.75;0.00019322095470807358
-139.25;45.75;-0.0015700253894365835
-130.25;45.75;-0.00026911292303476376
-140.75;45.75;0.0004088755323151869
-118.25;45.75;0.00046368511222612057
-111.25;45.75;0.0010081740946966114
-140.25;45.75;-4.083477808869978e-05
-125.25;45.75;-0.0012074654588534466
-118.75;45.75;-0.0003552903691936715
-144.25;45.75;-0.00024467972965984994
-111.75;45.75;0.0012165568594973896
-141.25;45.75;0.00047634625371827913
-133.75;45.75;0.0016534994307020653
-123.75;45.75;-0.00033975433605620126
-131.25;45.75;6.722465387229208e-05
-120.25;45.75;-0.0005111824671960734
-113.25;45.75;-0.0005752974197521529
-130.75;45.75;-0.0002640583239890811
-134.25;45.75;0.001615740609399443
-143.25;45.75;0.0002707099681310075
-123.25;45.75;0.00020441403087367236
-119.75;45.75;-0.0008528470963830952
-134.75;45.75;0.001180448199364838
-121.25;45.75;-6.620830668094943e-05
-141.75;45.75;0.0003861761613809389
-135.25;45.75;0.000523673522382496
-119.25;45.75;-0.0008676154939706546
-124.75;45.75;-0.00138277566587743
-124.25;45.75;-0.0010177040364930323
-136.25;45.75;-0.0001570684760189278
-112.75;45.75;0.00020507168546596652
-129.75;45.75;0.00010666819392530937
-142.75;45.75;0.0003559745786578628
-126.75;45.75;0.00018472259684969536
-128.25;45.75;0.0008814039404706165
-115.75;45.75;-0.0001644657536673416
-132.75;45.75;0.0011060147401774508
-138.75;45.75;-0.0018213620807320825
-117.75;45.75;0.0010934853318985691
-112.25;45.75;0.0009218205501249357
-115.25;45.75;-0.0004788154319503306
-127.25;45.75;0.00038509640281502594
-139.75;45.75;-0.00082772604704425
-127.75;45.75;0.0006270652757980874
-132.25;45.75;0.0008209943549577168
-114.75;45.75;-0.000789646683144
-144.75;45.75;-0.0003090623014552843
-143.75;45.75;2.6053828094367156e-05
-114.25;45.75;-0.0010510738936909403
-138.25;45.75;-0.0014532963678161395
-133.25;45.75;0.0014106003563771447
-136.75;45.75;-0.00012190862426840837
-117.25;45.75;0.0011831162042068466
-125.75;45.75;-0.0006688715347363187
-121.75;45.75;1.8680930062731746e-05
-110.25;45.75;-4.250097268586856e-05
-122.75;45.75;0.00034732283641121796
-129.25;45.75;0.0006210852393138806
-137.25;45.75;-0.0002608665064699669
-116.75;45.75;0.000793236209222086
-131.75;45.75;0.0004835541975749237
-137.75;45.75;-0.0007759773171709627
-126.25;45.75;-0.00013735609405459025
-116.25;45.75;0.0002588920598768271
-128.75;45.75;0.0009278490267331921
-120.75;45.75;-0.00019960970553234327
-132.25;46.25;0.0007340835000381552
-122.75;46.25;0.0006499882813510236
-131.75;46.25;0.00047912053012048715
-123.25;46.25;0.00030674688543766567
-114.75;46.25;-0.0002926944033454531
-123.75;46.25;-0.00041899944320604123
-127.75;46.25;0.0015587482914850691
-127.25;46.25;0.0012022533020301447
-128.25;46.25;0.0018147959798039735
-112.25;46.25;0.00031956317532043187
-126.75;46.25;0.0007627294031509507
-128.75;46.25;0.0017984098595509315
-110.25;46.25;0.00029745718246580787
-126.25;46.25;0.0001263024584246338
-129.25;46.25;0.0014075057727029698
-131.25;46.25;0.0002490089799145359
-112.75;46.25;-0.00039980755256077466
-129.75;46.25;0.0007985015214128153
-125.25;46.25;-0.0014314020472414373
-130.25;46.25;0.0002985109576540426
-124.75;46.25;-0.0016606291619928979
-141.25;46.25;7.182604448970142e-05
-130.75;46.25;0.00012902166751726867
-124.25;46.25;-0.00123362629136614
-111.75;46.25;0.0007565304453634697
-113.25;46.25;-0.0010438708427686749
-125.75;46.25;-0.0007012260886937494
-142.25;46.25;-0.0005870523037882617
-140.75;46.25;0.00045095680430567314
-110.75;46.25;0.0005888753852547714
-143.25;46.25;-0.0007383786838643127
-113.75;46.25;-0.0012422019395110957
-135.75;46.25;-0.001547987978710104
-118.75;46.25;-0.0015268950809464714
-136.25;46.25;-0.0018427753412831628
-122.25;46.25;0.0006630482425718748
-118.25;46.25;-0.0006844164802533289
-140.25;46.25;0.0004521641750945353
-117.75;46.25;0.00015137072580615688
-136.75;46.25;-0.0016334886850191306
-117.25;46.25;0.0006256367072031524
-119.25;46.25;-0.0018960151267912247
-137.25;46.25;-0.0013680179831243708
-137.75;46.25;-0.001350289736028609
-114.25;46.25;-0.0009065900123946045
-138.25;46.25;-0.0014622015095120046
-143.75;46.25;-0.0007944363147665605
-116.25;46.25;0.0006708349499754203
-138.75;46.25;-0.0013382636309039015
-115.75;46.25;0.0005375065732359975
-144.75;46.25;-0.00026414902044618254
-115.25;46.25;0.00024246201378646604
-139.75;46.25;-4.856461942548616e-05
-139.25;46.25;-0.0007924582167986489
-116.75;46.25;0.0007331978972209723
-135.25;46.25;-0.0006186041616998143
-141.75;46.25;-0.0003487107217529469
-120.25;46.25;-0.000848571606728111
-133.25;46.25;0.0014795207928834607
-121.75;46.25;0.0005407951936970131
-111.25;46.25;0.0008031918675953958
-144.25;46.25;-0.0006843098503215139
-142.75;46.25;-0.0006724818775589852
-120.75;46.25;-0.00012228224225042147
-133.75;46.25;0.00173159712967862
-121.25;46.25;0.0003248965557810482
-134.75;46.25;0.0005801563631340385
-119.75;46.25;-0.0015890165466071532
-132.75;46.25;0.001068382883727156
-134.25;46.25;0.0014720432335629528
-131.75;46.75;-0.0002833286702140363
-128.75;46.75;0.001918188345173287
-140.75;46.75;0.0007844108112929171
-141.25;46.75;-6.419710829806306e-05
-128.25;46.75;0.001913365132053528
-138.75;46.75;0.0002476701894617643
-133.25;46.75;0.0010506274286646306
-139.25;46.75;0.0008843059422243648
-132.25;46.75;-4.672976815849741e-05
-139.75;46.75;0.001358356967909701
-141.75;46.75;-0.0008041492023158827
-144.75;46.75;0.00018303270180293143
-112.25;46.75;-0.0001947547250513722
-111.75;46.75;0.00028539433930066044
-129.25;46.75;0.001443605333607427
-135.75;46.75;-0.002523716504673296
-130.75;46.75;-0.00033141364374819935
-134.75;46.75;0.0002033637669650321
-136.25;46.75;-0.002879544082271708
-130.25;46.75;1.7833340405548625e-05
-131.25;46.75;-0.0003857516476174483
-134.25;46.75;0.0012771336906651528
-138.25;46.75;-0.00032205800729709886
-140.25;46.75;0.0013498619138760837
-110.75;46.75;0.0005591689626163384
-136.75;46.75;-0.002416219444956825
-129.75;46.75;0.0006886178641427797
-137.25;46.75;-0.0016058732125501334
-133.75;46.75;0.00150167725150079
-137.75;46.75;-0.0008829655511855798
-135.25;46.75;-0.0013144273463121109
-111.25;46.75;0.0005185759855988783
-132.75;46.75;0.00041380787505320674
-127.25;46.75;0.0009828356857581558
-142.25;46.75;-0.0012289409889620518
-125.25;46.75;-0.001356065133607603
-117.75;46.75;-0.0002842432424440419
-121.75;46.75;0.0011698037303092134
-124.75;46.75;-0.0012993114438044965
-118.75;46.75;-0.002207127659331319
-119.25;46.75;-0.002517444057089678
-143.25;46.75;-0.0013736016067403187
-113.25;46.75;-0.0011215006931137325
-124.25;46.75;-0.0006390164806263587
-125.75;46.75;-0.0008951854096460238
-113.75;46.75;-0.0009248570153911333
-119.75;46.75;-0.0020724779070927547
-123.25;46.75;0.0011560164798187786
-120.25;46.75;-0.0011158698297212102
-122.75;46.75;0.0015270084179117896
-120.75;46.75;-9.966935841078358e-05
-127.75;46.75;0.0015251547944210638
-121.25;46.75;0.0006703014859843595
-122.25;46.75;0.0014746192780832575
-142.75;46.75;-0.001383908704611676
-123.75;46.75;0.0003355029623788829
-117.25;46.75;0.0005448160225995047
-118.25;46.75;-0.0013167580616833129
-144.25;46.75;-0.0006524929677113714
-115.75;46.75;0.0016311752759929094
-116.25;46.75;0.0014744257337307213
-143.75;46.75;-0.001170323979042085
-126.75;46.75;0.0004058795171703463
-112.75;46.75;-0.000776825279306394
-115.25;46.75;0.0014121460558357713
-126.25;46.75;-0.00022975607999338015
-110.25;46.75;0.0005115461807093538
-114.25;46.75;-0.0001897812031375324
-116.75;46.75;0.0011047606425474488
-114.75;46.75;0.0007348526888782955
-140.75;47.25;0.0012747956549393944
-134.75;47.25;-5.2450904110054456e-05
-111.25;47.25;9.789706240635343e-05
-121.75;47.25;0.0016157112984750315
-114.75;47.25;0.0011816104595986055
-120.25;47.25;-0.0009133036782523039
-115.75;47.25;0.001843709864744058
-120.75;47.25;8.216210543477146e-05
-144.25;47.25;-0.0004548483988083595
-113.75;47.25;-0.0005103837904582101
-139.75;47.25;0.002251069832589789
-133.75;47.25;0.0008339536361782596
-115.25;47.25;0.0017439227307766243
-134.25;47.25;0.0008421708517299604
-139.25;47.25;0.0018839498126024797
-117.25;47.25;0.0005495558650963067
-116.25;47.25;0.0015916820568382967
-137.25;47.25;-0.0014320264248750046
-110.75;47.25;0.00019277056153665624
-114.25;47.25;0.00030363903932715684
-117.75;47.25;-0.0002648577752710764
-136.75;47.25;-0.0024383633127995135
-116.75;47.25;0.0011504365925934425
-140.25;47.25;0.0020489265829217325
-118.25;47.25;-0.0012164421152509536
-135.25;47.25;-0.0014748253905212175
-144.75;47.25;0.0005004788373471826
-138.25;47.25;0.00043159953304590083
-136.25;47.25;-0.0029891715815917996
-119.25;47.25;-0.002239238956541614
-143.75;47.25;-0.0011502595830062245
-135.75;47.25;-0.00265526464847472
-143.25;47.25;-0.001475108039623979
-137.75;47.25;-0.000423708757657117
-119.75;47.25;-0.0018083802656861706
-118.75;47.25;-0.0019971500929536336
-138.75;47.25;0.0012031517264157476
-141.75;47.25;-0.0006698294205738397
-133.25;47.25;0.00015479505037126342
-124.25;47.25;1.9067910324394565e-05
-130.75;47.25;-0.0012034150873195281
-141.25;47.25;0.00023809373650809826
-124.75;47.25;-0.0008387468967423212
-113.25;47.25;-0.0009088772206908273
-142.25;47.25;-0.001241944526722556
-125.25;47.25;-0.001193140548305174
-130.25;47.25;-0.0006237174421740724
-125.75;47.25;-0.0010815927249127576
-131.25;47.25;-0.0014223760861679234
-129.75;47.25;0.0003142097055633526
-126.25;47.25;-0.0007051755927270612
-129.25;47.25;0.0013048072079111948
-126.75;47.25;-0.00018469330045891232
-128.75;47.25;0.0018949956123172327
-112.75;47.25;-0.0008190257282304405
-127.25;47.25;0.00048382264313472664
-128.25;47.25;0.0018317974103970493
-110.25;47.25;0.0002779579524155899
-127.75;47.25;0.0012443980058846954
-112.25;47.25;-0.00045551091518436883
-123.75;47.25;0.0011018004471288814
-121.25;47.25;0.0009379046784128732
-132.25;47.25;-0.0011882961217075747
-132.75;47.25;-0.0006498007668229525
-142.75;47.25;-0.0014917467793164737
-123.25;47.25;0.0019605689572978597
-131.75;47.25;-0.0014121574963307478
-111.75;47.25;-0.00010382734265619981
-122.25;47.25;0.0021124629832754674
-122.75;47.25;0.0022931723686174395
-115.75;47.75;0.0010614048587050476
-110.75;47.75;-9.645147263956925e-05
-137.75;47.75;0.00021890392223904032
-121.25;47.75;0.0009570939074158016
-126.25;47.75;-0.0009408100378891627
-122.75;47.75;0.002120282286170875
-133.75;47.75;0.0005298584535886235
-129.25;47.75;0.0009450139231929406
-138.25;47.75;0.0007996635061297749
-126.75;47.75;-0.00047586302090786147
-116.75;47.75;0.0007182747847165663
-111.75;47.75;-0.000272054339923432
-132.75;47.75;-0.0010854493067381221
-128.25;47.75;0.0016071903039428074
-138.75;47.75;0.0013184777863331234
-110.25;47.75;-1.4586831613431149e-05
-117.25;47.75;0.0003440996263024177
-133.25;47.75;-0.0002471829685638107
-116.25;47.75;0.0009422732555659003
-127.25;47.75;0.00018743093513589367
-112.75;47.75;-0.0008992204564256966
-115.25;47.75;0.000989072749565302
-139.25;47.75;0.001801009500361416
-121.75;47.75;0.0015482076775589554
-114.75;47.75;0.0006116708566930693
-128.75;47.75;0.0016405554644151775
-123.75;47.75;0.0007958233680547794
-131.75;47.75;-0.0019614547967152797
-111.25;47.75;-0.00013077880290905236
-135.25;47.75;-0.0008039343983612079
-120.25;47.75;-0.000506522742157128
-124.25;47.75;-0.0002717371432487709
-119.75;47.75;-0.0012396411454225534
-131.25;47.75;-0.002052725715799851
-135.75;47.75;-0.0016652676785213919
-134.75;47.75;0.00022113117258217138
-124.75;47.75;-0.0010631254627581478
-130.75;47.75;-0.0018700556911656638
-119.25;47.75;-0.001653597403982293
-136.25;47.75;-0.001852831057437675
-123.25;47.75;0.0017074811859507275
-129.75;47.75;-0.00018906021846061793
-113.75;47.75;-0.0006493861010123347
-125.25;47.75;-0.0013629064632754153
-122.25;47.75;0.001999765753478866
-118.25;47.75;-0.0009788680365827808
-132.25;47.75;-0.001663897725846852
-114.25;47.75;-2.107392859254254e-05
-134.25;47.75;0.0007634424857024324
-136.75;47.75;-0.001347539001427973
-120.75;47.75;0.00027143712297820626
-130.25;47.75;-0.0012456435654134355
-117.75;47.75;-0.00025211802862491495
-112.25;47.75;-0.0005768037537754058
-125.75;47.75;-0.001258216431535923
-137.25;47.75;-0.0005296963901303314
-118.75;47.75;-0.0015450577123927549
-113.25;47.75;-0.0009762441086337909
-127.75;47.75;0.0009876254366229557
-143.75;47.75;-0.0009793246799545215
-139.75;47.75;0.0020564890659068237
-142.25;47.75;-0.0012165685192638048
-140.25;47.75;0.0018415252739077763
-144.75;47.75;0.0004997260682158368
-142.75;47.75;-0.0014252243114986672
-144.25;47.75;-0.00031311607423273454
-141.75;47.75;-0.0006801545897684555
-141.25;47.75;0.00016989951349366571
-140.75;47.75;0.0011271806332119614
-143.25;47.75;-0.0013493551639859641
-142.75;48.25;-0.0012123620742420626
-122.75;48.25;0.0013396126016513932
-124.75;48.25;-0.0015194338242858097
-124.25;48.25;-0.0009545530535634996
-125.25;48.25;-0.0015844256927055418
-137.75;48.25;0.0011718255975834543
-142.25;48.25;-0.001217165568975185
-123.75;48.25;-2.6181937129829224e-05
-122.25;48.25;0.0013397084351452673
-138.25;48.25;0.0013025494047145736
-121.25;48.25;0.0006908460514408916
-120.75;48.25;0.00028141745234867393
-120.25;48.25;-0.00023434892860535063
-119.75;48.25;-0.0008067058760599861
-143.25;48.25;-0.0009826248838497131
-119.25;48.25;-0.001203984015592253
-118.75;48.25;-0.001183349615264166
-118.25;48.25;-0.0007267350964989441
-117.75;48.25;-8.460928171284438e-05
-138.75;48.25;0.0013554555257056992
-117.25;48.25;0.0004245797462460644
-116.75;48.25;0.0006534831916279137
-121.75;48.25;0.0010552186701788342
-125.75;48.25;-0.0013275887415154794
-123.25;48.25;0.0008609478419305286
-126.75;48.25;-0.0006632960520845377
-136.25;48.25;-0.00026693776739096324
-135.25;48.25;0.0002677860705298736
-140.25;48.25;0.0011255477940057582
-134.75;48.25;0.0009460823016205633
-134.25;48.25;0.0012637781090210005
-140.75;48.25;0.0004927251604356642
-133.75;48.25;0.0009790689617288266
-133.25;48.25;0.00026108349879483167
-132.75;48.25;-0.0005334137513593276
-132.25;48.25;-0.0011820018152031554
-136.75;48.25;0.0002060218952704172
-131.75;48.25;-0.001681582155680255
-131.25;48.25;-0.002057456068341567
-141.25;48.25;-0.00028179760640508665
-130.75;48.25;-0.0021763907983591005
-130.25;48.25;-0.0018250047298611952
-129.75;48.25;-0.000986327703457958
-129.25;48.25;1.045641707083086e-05
-110.25;48.25;-0.00024398985804216627
-128.75;48.25;0.0006778202419756881
-137.25;48.25;0.0007939012334272998
-128.25;48.25;0.0007400264458193807
-141.75;48.25;-0.00090952305557047
-127.75;48.25;0.0003212887516729766
-143.75;48.25;-0.0005847785312607825
-126.25;48.25;-0.000997970142719177
-127.25;48.25;-0.00022725678614475857
-135.75;48.25;-0.0002612529747223651
-115.25;48.25;0.0004132787930845801
-144.75;48.25;0.0004887453538916515
-110.75;48.25;-0.00020677686642768599
-111.25;48.25;-0.0001736736643560682
-113.25;48.25;-0.0013442275900496692
-113.75;48.25;-0.0010615255609961595
-139.25;48.25;0.0014330593275595838
-114.75;48.25;5.240335811315403e-05
-112.75;48.25;-0.001205278228244084
-116.25;48.25;0.000669233065199245
-144.25;48.25;-5.705282384916225e-05
-115.75;48.25;0.0005886782368443258
-139.75;48.25;0.0014231915499624303
-112.25;48.25;-0.0007747973436096883
-111.75;48.25;-0.0003557980726319542
-114.25;48.25;-0.0005017446852198385
-131.75;48.75;-0.0009456034437604973
-126.25;48.75;-0.0007086517542577158
-111.25;48.75;-0.00010429438935352273
-113.75;48.75;-0.0011063276093842467
-125.75;48.75;-0.000908182134765235
-142.75;48.75;-0.00048065186105849373
-122.75;48.75;0.0007472212517055914
-142.25;48.75;-0.0006287538364242401
-140.75;48.75;0.00012869000748461242
-123.25;48.75;0.00046404318133524064
-135.75;48.75;0.000398624433837996
-137.75;48.75;0.0013331214022901997
-139.25;48.75;0.0008067442025694965
-123.75;48.75;-0.0001634917975400227
-133.75;48.75;0.001499874070096049
-124.75;48.75;-0.0011949917588963965
-124.25;48.75;-0.0008319762577164941
-125.25;48.75;-0.0011550860522229235
-116.25;48.75;0.0008871540635519815
-133.25;48.75;0.0009444208449638955
-131.25;48.75;-0.0014917588239097286
-111.75;48.75;-0.0003339516453864351
-141.25;48.75;-0.00029000795376890267
-140.25;48.75;0.0004926241939443123
-112.25;48.75;-0.0008606232856256909
-130.75;48.75;-0.001848626254017218
-136.75;48.75;0.0007867690914092993
-130.25;48.75;-0.0018060939740072864
-129.75;48.75;-0.0013252079550854605
-110.25;48.75;-0.000444831695056206
-129.25;48.75;-0.0006567068128314889
-132.25;48.75;-0.0003564379854046357
-112.75;48.75;-0.001356312484813706
-128.75;48.75;-0.00017839876132165293
-137.25;48.75;0.0011908373571311876
-128.25;48.75;-9.280112879067235e-05
-132.75;48.75;0.0002735549369297375
-141.75;48.75;-0.0005776938155826707
-113.25;48.75;-0.0014694181376094441
-127.75;48.75;-0.0002896386876670638
-139.75;48.75;0.0006967307029961836
-114.25;48.75;-0.00048205495379531133
-127.25;48.75;-0.000508719618779198
-126.75;48.75;-0.0006185906617323666
-122.25;48.75;0.0006693349665437868
-144.25;48.75;0.0002825963025647198
-115.25;48.75;0.0004643183143740735
-134.75;48.75;0.0013855486495316384
-117.75;48.75;0.0004104887544760591
-138.75;48.75;0.0009640308869090023
-120.75;48.75;0.00019599492228022496
-118.75;48.75;-0.0006160332897417829
-115.75;48.75;0.000695563618774543
-114.75;48.75;9.209664588989366e-05
-110.75;48.75;-0.00021931488832781007
-144.75;48.75;0.0005129502405379214
-121.25;48.75;0.00030201626837258425
-117.25;48.75;0.0008635711263710022
-136.25;48.75;0.00041094394406064095
-119.75;48.75;-0.00035614697574476185
-120.25;48.75;-1.1328134122846492e-05
-119.25;48.75;-0.0006464513475650348
-121.75;48.75;0.0004545514742638276
-135.25;48.75;0.0008191728447479534
-118.25;48.75;-0.00019171767980981236
-143.75;48.75;2.1672907126068416e-05
-116.75;48.75;0.0009973834925136578
-134.25;48.75;0.0016832345813262257
-138.25;48.75;0.001193598729449424
-143.25;48.75;-0.00023969932025265077
-118.75;49.25;4.9366422690249746e-05
-115.75;49.25;0.00017890555449274798
-128.25;49.25;0.00013017609254920018
-128.75;49.25;0.0001276622578814843
-132.75;49.25;0.0008186767973030354
-113.25;49.25;-0.0009202300472388573
-117.75;49.25;0.0006731627102403757
-118.25;49.25;0.00033414617333637966
-137.25;49.25;0.00041041096086543273
-141.75;49.25;0.0002989364721836454
-132.25;49.25;0.00041523469195050764
-138.75;49.25;-0.0004660317217314678
-136.25;49.25;0.00029282155510602925
-116.75;49.25;0.0006517797837355204
-131.25;49.25;-0.00036413053832111126
-140.25;49.25;-0.00017512392312957783
-141.25;49.25;0.00020636957274945596
-116.25;49.25;0.00036917163891130495
-112.25;49.25;-0.00019566083865984253
-143.75;49.25;0.0003624028606061784
-129.25;49.25;-0.00011107259062889389
-130.75;49.25;-0.0006622103179030175
-110.75;49.25;0.0002459575911173655
-117.25;49.25;0.0008069549602568893
-130.25;49.25;-0.0007115461207253739
-136.75;49.25;0.0003589983873825162
-110.25;49.25;-0.0002047114662663509
-135.75;49.25;0.0004617358495000945
-129.75;49.25;-0.0004730787126009346
-112.75;49.25;-0.0007378037111303038
-111.75;49.25;0.0003449770396347703
-119.25;49.25;-1.6251189117743097e-06
-134.25;49.25;0.0017170518378703602
-125.25;49.25;-0.0002304130917438105
-139.25;49.25;-0.0005804215505415597
-127.75;49.25;1.8093365579389796e-06
-139.75;49.25;-0.0004387956077103753
-124.75;49.25;-0.00029086991421316114
-133.75;49.25;0.0016243062980304476
-121.25;49.25;-0.00017327079964352097
-124.25;49.25;-0.0001142359409934354
-114.75;49.25;2.613490302471288e-05
-120.75;49.25;2.5995653481798663e-05
-144.25;49.25;0.0003220065411617486
-123.75;49.25;0.00020197951647899428
-138.25;49.25;-0.00012374099091777685
-123.25;49.25;0.00039762338127290344
-140.75;49.25;5.861713672834694e-05
-121.75;49.25;-0.00020562898292923732
-122.75;49.25;0.0003023653896190431
-142.75;49.25;0.00041547767763487403
-114.25;49.25;-0.00026609077886871965
-144.75;49.25;0.0003164091960721783
-134.75;49.25;0.001433822159599779
-131.75;49.25;2.7288778487213258e-05
-113.75;49.25;-0.0006802997897879637
-135.25;49.25;0.0009144735205903039
-137.75;49.25;0.0002410688796410003
-126.25;49.25;1.5392707418238467e-05
-115.25;49.25;0.00012080254508982251
-127.25;49.25;-7.12845284590276e-05
-143.25;49.25;0.00040861492981990067
-119.75;49.25;0.00011046888831307425
-126.75;49.25;-2.8943523134864614e-05
-111.25;49.25;0.0005160511536719237
-122.25;49.25;1.1477138030262644e-05
-133.25;49.25;0.0012578425610863184
-142.25;49.25;0.00037135724007140015
-120.25;49.25;0.000160503490420477
-125.75;49.25;-6.500470376884752e-05
-134.25;49.75;0.0014118911276708376
-140.75;49.75;-0.00015734298206088995
-135.75;49.75;0.00045459674584375355
-111.25;49.75;0.0016222298601399918
-135.25;49.75;0.0008466131819944392
-132.75;49.75;0.0011279287476318699
-111.75;49.75;0.0016320785360961823
-132.25;49.75;0.0010553901717708014
-134.75;49.75;0.001217465886347052
-133.75;49.75;0.0013887276677192017
-144.75;49.75;3.29653694587877e-05
-133.25;49.75;0.0012502699377204508
-126.75;49.75;0.000645453566179478
-131.25;49.75;0.0008049380430078936
-122.75;49.75;-0.000329295502819143
-114.25;49.75;-0.00021855329398450554
-122.25;49.75;-0.0006982096814671141
-121.75;49.75;-0.0008456677240518975
-114.75;49.75;-0.00046865888889167565
-121.25;49.75;-0.0006494626062623409
-120.75;49.75;-0.00023755551252200468
-120.25;49.75;0.0001348551912104888
-143.25;49.75;0.000357220237217919
-144.25;49.75;4.10278241419936e-05
-115.25;49.75;-0.0008338998956010024
-119.25;49.75;0.00037405575555814495
-115.75;49.75;-0.0010535639255085923
-118.75;49.75;0.00044156182390529076
-118.25;49.75;0.0005362627413998969
-117.75;49.75;0.0004984883366730737
-116.25;49.75;-0.0008938724665776076
-117.25;49.75;0.00017002569379544338
-143.75;49.75;0.00015053376193230873
-116.75;49.75;-0.00039015240006150216
-119.75;49.75;0.0003188049275195242
-142.75;49.75;0.0005884546395419093
-123.25;49.75;3.4977840914612143e-06
-123.75;49.75;0.00014108440466555688
-141.25;49.75;0.00040418020892031965
-112.25;49.75;0.0011482387433313437
-130.75;49.75;0.0006237953336706217
-110.25;49.75;0.00035676258989599777
-130.25;49.75;0.0005375711092408425
-112.75;49.75;0.0005090509599836798
-129.75;49.75;0.0005981274440413983
-129.25;49.75;0.0007264610972467242
-113.25;49.75;6.356290111131648e-05
-128.75;49.75;0.0007882449634470488
-141.75;49.75;0.0006998296221353945
-128.25;49.75;0.0007319362322972149
-110.75;49.75;0.0010914923224433974
-113.75;49.75;-0.00011224259408668732
-127.75;49.75;0.000634751355603838
-127.25;49.75;0.000603859949294623
-126.25;49.75;0.0006538241926720079
-125.75;49.75;0.0005365476018659825
-142.25;49.75;0.0007372549905936221
-124.75;49.75;0.0001748321189831381
-124.25;49.75;0.00014094086985203243
-131.75;49.75;0.0009657163511891545
-139.75;49.75;-0.0015831496784586834
-125.25;49.75;0.00033177184090653073
-137.75;49.75;-0.0009213731004333617
-138.75;49.75;-0.0019524942467219904
-139.25;49.75;-0.0019896503552376383
-136.75;49.75;-7.877650161570635e-05
-140.25;49.75;-0.0008890017809834293
-136.25;49.75;0.0001588875952869016
-137.25;49.75;-0.0004083493746044028
-138.25;49.75;-0.0015197793227427181
-124.75;50.25;0.00011270516713822436
-124.25;50.25;-7.470144061313837e-05
-134.75;50.25;4.919596910667781e-05
-123.75;50.25;-0.00023882421329514744
-123.25;50.25;-0.00048063847461945943
-142.75;50.25;3.4642247657503844e-05
-122.75;50.25;-0.0008067101536197794
-122.25;50.25;-0.001073494704045574
-110.75;50.25;0.001295228540647534
-125.25;50.25;0.0003755540367300551
-121.25;50.25;-0.0008068295330406584
-120.75;50.25;-0.0003424072056918087
-120.25;50.25;9.447624652322079e-05
-143.25;50.25;-8.087556020282243e-05
-119.75;50.25;0.0003941717679409318
-135.25;50.25;-0.00018516849962389766
-119.25;50.25;0.0005929708689349866
-118.75;50.25;0.0007546215021056792
-118.25;50.25;0.0008242702354086188
-138.75;50.25;-0.001952282275925871
-138.25;50.25;-0.0016175316793199171
-121.75;50.25;-0.0010935854468497321
-125.75;50.25;0.0006434843918009828
-142.25;50.25;0.00017370283230610807
-132.75;50.25;0.0010225126537296812
-136.75;50.25;-0.0005878399099030967
-132.25;50.25;0.001259949547744967
-133.75;50.25;0.000503918482579893
-140.25;50.25;-0.0010598782304693673
-131.75;50.25;0.0013540508628034958
-140.75;50.25;-0.000442456415004338
-131.25;50.25;0.0012529265709189652
-110.25;50.25;0.000285030330927297
-141.25;50.25;9.740751183618636e-06
-130.75;50.25;0.0010147766721064864
-137.75;50.25;-0.0011661919513303155
-130.25;50.25;0.0007641173657914499
-129.25;50.25;0.0005051514707614567
-137.25;50.25;-0.0007957567169260143
-128.75;50.25;0.00046106980475082467
-134.25;50.25;0.00028187246860138156
-141.75;50.25;0.00020426632367088142
-128.25;50.25;0.00044802882804449023
-127.75;50.25;0.0004983096180566525
-127.25;50.25;0.000625347485158834
-126.75;50.25;0.0007623734777241586
-126.25;50.25;0.0007906628861780901
-117.75;50.25;0.0006357693645920451
-129.75;50.25;0.000592487359648458
-117.25;50.25;9.075144711762332e-05
-133.25;50.25;0.0007481679746034963
-135.75;50.25;-0.0003705267310845758
-111.25;50.25;0.0020804732957176025
-114.25;50.25;-0.00020190232573795989
-136.25;50.25;-0.0004840798876665104
-114.75;50.25;-0.000696328662067276
-144.25;50.25;5.983185185496923e-06
-115.25;50.25;-0.0012184283998522862
-139.25;50.25;-0.001979994149303687
-113.75;50.25;0.00019623907347221035
-115.75;50.25;-0.0014980560298769414
-111.75;50.25;0.0022928003193356627
-113.25;50.25;0.0006394388795132602
-116.25;50.25;-0.001302574492692662
-144.75;50.25;0.00012296366446643746
-139.75;50.25;-0.001644264890507018
-112.75;50.25;0.001252301770092397
-116.75;50.25;-0.0006703040000652392
-112.25;50.25;0.0019172154724148458
-143.75;50.25;-8.964669852404795e-05
-137.25;50.75;-0.0008778819362721821
-114.25;50.75;-0.00021298165989141245
-134.75;50.75;-0.002084756631532137
-124.25;50.75;1.1122751926970276e-05
-131.75;50.75;0.0010373223414639368
-112.75;50.75;0.0008442660865746902
-136.25;50.75;-0.0018165130728575176
-110.25;50.75;-0.000356468538872488
-124.75;50.75;0.0002362504875895698
-128.75;50.75;-0.0003731051244272394
-141.25;50.75;-0.00046127141843614925
-125.25;50.75;0.0004814493722210695
-144.25;50.75;0.0006011130842265115
-123.75;50.75;-0.0002128584726331912
-130.25;50.75;0.00035893055146944756
-131.25;50.75;0.0009848075448847704
-128.25;50.75;-0.00035589328740132786
-113.25;50.75;0.0003346659035751254
-141.75;50.75;-0.0004578348522957698
-127.75;50.75;-0.00015953422231724805
-129.75;50.75;2.2249741995863477e-05
-127.25;50.75;0.0001712149190797018
-130.75;50.75;0.000715806899044459
-113.75;50.75;1.1051963419302802e-05
-126.75;50.75;0.0005078614353583459
-111.75;50.75;0.0017072555158278867
-129.25;50.75;-0.0002339533114983527
-126.25;50.75;0.0006998562769650519
-142.25;50.75;-0.0004083626831567213
-134.25;50.75;-0.001683011743728634
-125.75;50.75;0.0006743358597595204
-139.25;50.75;-0.00046702958655972206
-137.75;50.75;-0.0005486881323963505
-123.25;50.75;-0.00048570975389436395
-112.25;50.75;0.001408110797188686
-144.75;50.75;0.0006649606000390791
-120.25;50.75;0.00019766625024654082
-140.75;50.75;-0.0004694763025292216
-143.25;50.75;1.3342583473972556e-05
-115.75;50.75;-0.0007956134305035695
-119.75;50.75;0.0005604868014867963
-135.25;50.75;-0.002248676028994028
-139.75;50.75;-0.0005002171820714057
-116.25;50.75;-0.0005126720219247199
-110.75;50.75;0.0006829523688335181
-119.25;50.75;0.0008733071378859358
-118.75;50.75;0.0011562827387674788
-118.25;50.75;0.0013254007005595646
-132.75;50.75;0.00027597868104531413
-138.75;50.75;-0.00041093850238367846
-116.75;50.75;9.27532775053304e-05
-117.75;50.75;0.0012222366039455806
-143.75;50.75;0.00033948184706446966
-117.25;50.75;0.0007682770806812524
-136.75;50.75;-0.0013438487124954606
-132.25;50.75;0.0007936906617152644
-133.75;50.75;-0.0010953334848869008
-120.75;50.75;-0.000238945763947307
-142.75;50.75;-0.0002558556155209287
-135.75;50.75;-0.002150412495331651
-122.75;50.75;-0.0007856110658701667
-133.25;50.75;-0.0004021190340476676
-122.25;50.75;-0.000989984531852596
-111.25;50.75;0.0014666562467246654
-138.25;50.75;-0.00040731214066954855
-114.75;50.75;-0.00046539449281433724
-140.25;50.75;-0.0004919476322323216
-121.75;50.75;-0.0009629512214210825
-121.25;50.75;-0.0006762730696888038
-115.25;50.75;-0.0007223112562722868
-111.25;51.25;0.0008847895706742033
-137.25;51.25;0.00011248739242896814
-132.25;51.25;-9.183330198300349e-05
-129.75;51.25;-0.00010806179256808219
-133.25;51.25;-0.0015747427365532434
-110.75;51.25;0.0003969305599677791
-111.75;51.25;0.0009523435758794727
-140.25;51.25;9.131297685579749e-05
-144.75;51.25;0.0012599205261605792
-112.25;51.25;0.0006389613472267049
-131.75;51.25;0.0003235027305016575
-130.25;51.25;0.0001867385748939438
-132.75;51.25;-0.0007597591937717042
-136.75;51.25;-0.0008719010314244673
-131.25;51.25;0.00047032808085962905
-110.25;51.25;-0.0003411140310702794
-130.75;51.25;0.00040062546374145284
-141.25;51.25;-0.0006448382082393047
-139.75;51.25;0.0006693014698090151
-117.25;51.25;0.0008967219803475786
-125.75;51.25;0.0007647345363354892
-112.75;51.25;0.00017008287312875216
-122.25;51.25;-0.0009539843211076423
-138.25;51.25;0.0013904225965868703
-115.25;51.25;-0.00048586672898718843
-121.75;51.25;-0.0010170185224485965
-121.25;51.25;-0.0007831368449522396
-120.75;51.25;-0.00035507399312447265
-115.75;51.25;-0.00039218802886583883
-120.25;51.25;0.0001098978626955602
-143.25;51.25;0.000812579093666656
-119.75;51.25;0.0005119964822973197
-116.25;51.25;-8.710782451874064e-05
-119.25;51.25;0.0008409680917203711
-118.75;51.25;0.001108149065948294
-116.75;51.25;0.00039928724343501294
-118.25;51.25;0.001265554989860114
-138.75;51.25;0.0014664785288375781
-117.75;51.25;0.001212889380280205
-114.75;51.25;-0.00046797154910804297
-144.25;51.25;0.0014609849922464866
-142.75;51.25;0.00022197915756486174
-123.25;51.25;-0.00020022005548798135
-128.75;51.25;-0.0006593452731063231
-141.75;51.25;-0.0006161100603910588
-113.25;51.25;-0.00020722722714555986
-128.25;51.25;-0.0007232185299357689
-127.75;51.25;-0.0005482484045521494
-113.75;51.25;-0.00038923243274529336
-127.25;51.25;-0.00017203096246887206
-126.75;51.25;0.00026756929025941833
-129.25;51.25;-0.00041964620823739366
-126.25;51.25;0.0006093075694184692
-143.75;51.25;0.0012825280030921166
-137.75;51.25;0.0009169639420336265
-139.25;51.25;0.0011839841452843556
-125.25;51.25;0.0007514444011573761
-114.25;51.25;-0.000439980263420791
-124.75;51.25;0.0006373487499644793
-124.25;51.25;0.000456272169651521
-123.75;51.25;0.00018384427925383838
-142.25;51.25;-0.00030244432961240244
-122.75;51.25;-0.0006311191025083848
-136.25;51.25;-0.0018485148075713422
-134.75;51.25;-0.003240724229900595
-135.75;51.25;-0.0026438176741039442
-135.25;51.25;-0.0031308294476769805
-134.25;51.25;-0.0029664301417296245
-133.75;51.25;-0.0023683018362388106
-140.75;51.25;-0.0003874272064190574
-120.25;51.75;-0.0003295606158713885
-112.25;51.75;0.0006092995377714997
-141.75;51.75;-0.0005095304247478333
-142.25;51.75;5.943900472491035e-05
-116.75;51.75;-0.00027382425796278084
-132.25;51.75;-0.0007839494415216164
-133.75;51.75;-0.002181845993697619
-128.75;51.75;-0.0008570132655236843
-110.75;51.75;0.0006505482670317047
-112.75;51.75;0.00023002425454094147
-137.75;51.75;0.0029193051269207596
-110.25;51.75;0.0002523544259717854
-125.25;51.75;0.0007891046434266159
-115.25;51.75;-0.0009381311536353582
-111.75;51.75;0.0008661196547769525
-121.25;51.75;-0.0011833708718751407
-134.25;51.75;-0.0022531825873662262
-140.25;51.75;-5.315962460332561e-05
-124.75;51.75;0.000857288117025734
-132.75;51.75;-0.0012982895867751556
-136.75;51.75;0.0016442307966965935
-120.75;51.75;-0.0007881070359049859
-126.25;51.75;0.0003005199129204926
-130.25;51.75;-4.006823424362337e-05
-116.25;51.75;-0.0006371772537268025
-130.75;51.75;4.715507471214212e-06
-144.25;51.75;0.0018371666712417168
-127.75;51.75;-0.0009142382427137346
-139.25;51.75;0.0017504664092287672
-114.25;51.75;-0.0006718602558717366
-117.75;51.75;0.00032788684203444927
-118.25;51.75;0.00041929421259286287
-138.75;51.75;0.002533472627518684
-113.75;51.75;-0.0004417237911985842
-127.25;51.75;-0.0005784135169846898
-143.75;51.75;0.0018160982646123912
-131.25;51.75;-0.00010837850948872028
-118.75;51.75;0.00039044717153276286
-114.75;51.75;-0.0008475821548272064
-135.75;51.75;-0.0003785864954635675
-113.25;51.75;-0.00014242008722937992
-141.25;51.75;-0.0007682437330638827
-117.25;51.75;8.537459185799284e-05
-119.25;51.75;0.00026931686097441125
-126.75;51.75;-0.0001244063379510999
-119.75;51.75;3.824287063076148e-05
-135.25;51.75;-0.0012928009875169519
-128.25;51.75;-0.0010115819197792089
-131.75;51.75;-0.000373837440092105
-140.75;51.75;-0.0006163344736741691
-143.25;51.75;0.001418922943464231
-121.75;51.75;-0.001321415707054825
-125.75;51.75;0.0006081933406260089
-133.25;51.75;-0.001814822927135145
-134.75;51.75;-0.0019506492885746646
-137.25;51.75;0.0024477620971372826
-111.25;51.75;0.0008859683957575228
-123.75;51.75;0.0005161583060546996
-138.25;51.75;0.0029548053605454204
-122.25;51.75;-0.001097915627390837
-144.75;51.75;0.0014743328271592468
-123.25;51.75;2.6478972857304474e-05
-129.25;51.75;-0.0005509359578675472
-142.75;51.75;0.0007696676631834409
-115.75;51.75;-0.0008781844509717061
-124.25;51.75;0.0007868468753660875
-129.75;51.75;-0.00024074576020600709
-136.25;51.75;0.0006512646043133333
-139.75;51.75;0.0008062075953225004
-122.75;51.75;-0.0005810416424064666
-117.25;52.25;-0.00038043842409573816
-142.25;52.25;-8.399755189312539e-05
-112.25;52.25;0.0007120864003030162
-112.75;52.25;0.000560886506024837
-128.25;52.25;-0.0017380297346748883
-119.75;52.25;-0.0003311516478630943
-123.75;52.25;0.0008768979449958821
-140.75;52.25;-0.0012405383657941868
-142.75;52.25;0.0005467521311566733
-130.25;52.25;-0.00047430381887072473
-126.25;52.25;-0.00014075086461470425
-135.25;52.25;0.0012905952319480407
-133.25;52.25;-0.0007459572891486002
-122.75;52.25;-0.0002075899994207432
-131.75;52.25;-0.0003304725130180657
-120.25;52.25;-0.0005884322246018005
-110.75;52.25;0.00032416196798794187
-141.25;52.25;-0.0011372534844791284
-129.25;52.25;-0.0011973319844913162
-130.75;52.25;-0.00030282065404084246
-127.75;52.25;-0.0016143289473862642
-144.25;52.25;0.001375133088355228
-136.25;52.25;0.0031557511722699496
-139.25;52.25;0.000986602391001368
-139.75;52.25;-0.00010962517144211365
-114.25;52.25;-0.0005930477896544978
-117.75;52.25;-0.00024604709022146544
-118.25;52.25;-0.00019770727432999235
-115.75;52.25;-0.001142737378007675
-138.75;52.25;0.0021576138384156555
-113.75;52.25;-0.0001453342506311137
-127.25;52.25;-0.0012190521519103133
-143.75;52.25;0.0013572425544412295
-131.25;52.25;-0.000265004967120901
-123.25;52.25;0.00043312031424523937
-118.75;52.25;-0.00018718393013165968
-114.75;52.25;-0.0009722504010365413
-119.25;52.25;-0.00021282055771564606
-135.75;52.25;0.0022780915604946484
-137.25;52.25;0.0040030980477635736
-143.25;52.25;0.001061358332529984
-113.25;52.25;0.0002633941154401
-126.75;52.25;-0.0006795073856934856
-141.75;52.25;-0.0006980770675431619
-116.25;52.25;-0.0009201337288321777
-124.75;52.25;0.0009297774657807771
-133.75;52.25;-0.0006703008919698443
-124.25;52.25;0.001028833373298576
-134.25;52.25;-0.0003049337780104316
-128.75;52.25;-0.0015662640875804268
-111.75;52.25;0.0007086944980328495
-111.25;52.25;0.000565444230213253
-132.25;52.25;-0.0004700500622441863
-120.75;52.25;-0.0009326256036471089
-132.75;52.25;-0.0006380464215590087
-140.25;52.25;-0.0008975904921270308
-121.25;52.25;-0.0011966268063433314
-144.75;52.25;0.001124890808753309
-125.25;52.25;0.0006728237939419993
-134.75;52.25;0.00037587275034789045
-137.75;52.25;0.0037997685304836026
-125.75;52.25;0.0003143554218647465
-110.25;52.25;5.429344233999038e-05
-122.25;52.25;-0.0008247088193893768
-136.75;52.25;0.0037676437683652583
-129.75;52.25;-0.0007899906534537711
-121.75;52.25;-0.001188001580646629
-116.75;52.25;-0.0006243861531569221
-138.25;52.25;0.00315626974940382
-115.25;52.25;-0.001173617903256244
-110.25;52.75;-0.0007877644149594335
-134.75;52.75;0.0012460165072149122
-118.75;52.75;9.259590665204277e-06
-119.25;52.75;-2.40281401384994e-05
-114.75;52.75;-0.0006642626761845841
-131.25;52.75;0.0007990939743254235
-137.25;52.75;0.0026687236860977364
-121.25;52.75;-0.0005440962272183966
-123.25;52.75;0.0011252547259116184
-111.75;52.75;-7.409344488410716e-05
-143.75;52.75;0.00040128347887152127
-141.75;52.75;-0.0011503597274603202
-142.75;52.75;-0.00022790163286863242
-116.25;52.75;-0.00031593216413331555
-144.25;52.75;0.0005282651644966233
-136.75;52.75;0.0027224798347472465
-136.25;52.75;0.0024995872199203464
-139.25;52.75;-0.00047231834726438836
-121.75;52.75;-0.00039778877701217866
-139.75;52.75;-0.0013271539861718492
-114.25;52.75;-0.00037230954837258137
-127.25;52.75;-0.0015116288289653845
-140.75;52.75;-0.0018796492074208814
-144.75;52.75;0.00047110091005932316
-118.25;52.75;6.267694131325513e-05
-132.75;52.75;0.001100830463481842
-134.25;52.75;0.0010087193429161776
-124.75;52.75;0.0011590029162624976
-138.75;52.75;0.0005626384874737187
-117.75;52.75;0.00012570863535075048
-113.75;52.75;-1.996372859345976e-05
-115.75;52.75;-0.0006087516315347328
-138.25;52.75;0.001542148154855349
-135.75;52.75;0.0020986837203954287
-124.25;52.75;0.0013950411966520762
-128.75;52.75;-0.0018208003722239858
-122.75;52.75;0.0006062399541119527
-122.25;52.75;2.682237456155598e-05
-132.25;52.75;0.0011176767375600716
-126.25;52.75;-0.00023184116943907222
-116.75;52.75;-3.35671006266303e-05
-130.25;52.75;-2.6558625350802807e-05
-133.25;52.75;0.0010146998613226686
-120.25;52.75;-0.00024993395066123895
-125.75;52.75;0.0003283406782204233
-129.25;52.75;-0.0012799126974555747
-140.25;52.75;-0.0018153238559290026
-142.25;52.75;-0.0006649427950846606
-130.75;52.75;0.00045365383319754057
-112.25;52.75;0.00016583060093622909
-129.75;52.75;-0.0006304355339154352
-143.25;52.75;0.00013458824866792503
-131.75;52.75;0.0010196981006579662
-135.25;52.75;0.0016398004923259292
-127.75;52.75;-0.001963670961647101
-117.25;52.75;0.00011843929529697686
-141.25;52.75;-0.0016042520863546056
-111.25;52.75;-0.00034373628210247363
-137.75;52.75;0.0022754060515360205
-113.25;52.75;0.00023285009825532463
-120.75;52.75;-0.00044634594382259626
-119.75;52.75;-9.454390647259137e-05
-115.25;52.75;-0.0007551466750225849
-126.75;52.75;-0.0008777650735030668
-112.75;52.75;0.0002928488762953736
-128.25;52.75;-0.0020806237693204058
-110.75;52.75;-0.0005904813783375418
-123.75;52.75;0.001405309630259658
-125.25;52.75;0.000789463772559467
-133.75;52.75;0.0009502950728424287
-140.25;53.25;-0.002071941453006314
-143.75;53.25;-6.926510688440911e-05
-129.75;53.25;0.0008234919024278838
-129.25;53.25;-3.5760512593810046e-05
-140.75;53.25;-0.001958824505292714
-141.75;53.25;-0.001243002520992186
-117.25;53.25;0.0006758566655981269
-128.25;53.25;-0.0013693790306350284
-130.25;53.25;0.001560963591370086
-128.75;53.25;-0.0008387445302437545
-114.75;53.25;-0.000295732726757564
-135.75;53.25;-0.0006209125316169155
-137.25;53.25;-0.000261952777646141
-115.25;53.25;-0.0002370678635959075
-117.75;53.25;0.0006750624908618904
-134.25;53.25;0.0005730198838760744
-116.25;53.25;0.0002967209065636013
-116.75;53.25;0.0005532283695972928
-130.75;53.25;0.0020979194443902314
-126.25;53.25;-3.041735475093106e-05
-120.25;53.25;0.00029399414604649174
-142.25;53.25;-0.0008913221141126405
-112.25;53.25;-0.00039571672472615095
-137.75;53.25;-0.00023145995801772157
-127.75;53.25;-0.001483720383973573
-125.75;53.25;0.0005072347995218449
-132.25;53.25;0.002569790610907412
-133.75;53.25;0.0012454847542899914
-120.75;53.25;0.00013251434269423817
-125.25;53.25;0.000938731474256289
-121.25;53.25;9.169469160412375e-05
-111.75;53.25;-0.0006037444574942093
-121.75;53.25;0.0002721809536196282
-110.25;53.25;-0.0008025852302703606
-134.75;53.25;-2.0874352554022743e-05
-124.75;53.25;0.0012832764619578128
-136.75;53.25;-0.0004315157424724899
-122.25;53.25;0.0006625669577138702
-144.75;53.25;0.00012622994571064378
-138.25;53.25;-0.0004413474804281675
-124.25;53.25;0.0015335796612030005
-122.75;53.25;0.0011281507928290007
-133.25;53.25;0.0018678598138035549
-111.25;53.25;-0.0007296587449357162
-123.75;53.25;0.0016257666424607208
-123.25;53.25;0.0014888279172634944
-142.75;53.25;-0.0005964492365242392
-136.25;53.25;-0.0005941233246959689
-139.75;53.25;-0.0018828994821547338
-132.75;53.25;0.0023281218697700366
-135.25;53.25;-0.0004347523858070412
-143.25;53.25;-0.0003252216929217666
-112.75;53.25;-0.00017948020160669798
-141.25;53.25;-0.0016337230069851066
-113.75;53.25;-8.551763379527175e-05
-113.25;53.25;-5.90772412073474e-05
-127.25;53.25;-0.001190754798320864
-138.75;53.25;-0.0008854383194823101
-126.75;53.25;-0.0006410376916363877
-118.25;53.25;0.0006234812228608981
-110.75;53.25;-0.0007772693900262984
-119.25;53.25;0.0005386128414224839
-131.75;53.25;0.00259653306059312
-114.25;53.25;-0.00020686821439669633
-118.75;53.25;0.0005798839999385322
-119.75;53.25;0.00045025514764170663
-139.25;53.25;-0.001432679253435509
-115.75;53.25;-1.0379261101982485e-05
-144.25;53.25;0.00011273172523923043
-131.25;53.25;0.002436529739938072
-143.75;53.75;0.000208524259096089
-116.25;53.75;0.00046068963917557
-110.25;53.75;-5.2130018453794696e-05
-129.25;53.75;0.001192592050115868
-117.75;53.75;0.0008595488845704423
-122.75;53.75;0.0007078519526941836
-124.25;53.75;0.0009963669478589472
-118.25;53.75;0.0009189078839242137
-127.75;53.75;-0.0009225989497201526
-134.25;53.75;-0.0013104862378345982
-123.75;53.75;0.0010600330578937247
-123.25;53.75;0.0009710096979289529
-140.75;53.75;-0.0012023640719772194
-142.75;53.75;-0.00015196355249330024
-138.25;53.75;-0.0008560393727349846
-124.75;53.75;0.000840698478768521
-134.75;53.75;-0.002149128846859217
-127.25;53.75;-0.000904583495167851
-135.25;53.75;-0.002722663335113302
-126.25;53.75;-0.0001046479264317452
-120.25;53.75;0.00034846294487808323
-140.25;53.75;-0.0013476124310647906
-142.25;53.75;-0.0003464663003866579
-128.25;53.75;-0.0005103871188945347
-117.25;53.75;0.0007749047043506173
-137.75;53.75;-0.0011441391398964997
-119.75;53.75;0.0006575464853362403
-126.75;53.75;-0.000565609709891702
-143.25;53.75;2.7473760460685365e-05
-116.75;53.75;0.0006453149358533749
-128.75;53.75;0.0002676241906215117
-125.75;53.75;0.0003117027416453818
-120.75;53.75;5.5390426860446014e-05
-125.25;53.75;0.0006204055163009772
-121.25;53.75;-7.550550370051893e-05
-119.25;53.75;0.0008646331499242644
-138.75;53.75;-0.0008614223243121364
-121.75;53.75;3.593058160837622e-05
-118.75;53.75;0.000938101894130771
-141.75;53.75;-0.0006005710237544756
-115.75;53.75;0.00025694759990139017
-122.25;53.75;0.0003451629314417831
-136.75;53.75;-0.0022842241549127476
-137.25;53.75;-0.0016763359679506141
-133.25;53.75;0.000564705501891476
-141.25;53.75;-0.0009132212991857655
-112.75;53.75;4.3280257645843854e-05
-139.25;53.75;-0.0010652876180542352
-144.25;53.75;0.0003399636109989822
-113.75;53.75;0.0001575432270485074
-129.75;53.75;0.002002778587883348
-112.25;53.75;-9.367581245757988e-05
-131.75;53.75;0.002352689331078068
-114.75;53.75;5.7157777201704695e-05
-111.75;53.75;-0.0001757964575777883
-133.75;53.75;-0.00035508591916257683
-114.25;53.75;0.00010030257078946947
-131.25;53.75;0.002621332974469215
-132.75;53.75;0.0013397929060539368
-111.25;53.75;-0.0001590458053251354
-144.75;53.75;0.0003352175387705034
-139.75;53.75;-0.001282903314436535
-136.25;53.75;-0.002758883269212905
-113.25;53.75;0.00014602929333747645
-130.75;53.75;0.002703981118876606
-135.75;53.75;-0.002931794513600582
-130.25;53.75;0.002519407456814479
-115.25;53.75;0.00010487570992362359
-110.75;53.75;-8.58414720312253e-05
-132.25;53.75;0.0019308670745997953
-125.75;54.25;-0.00013926374709281116
-122.25;54.25;-0.0007798154108592933
-110.75;54.25;0.0003637700305949248
-141.25;54.25;0.00013030221403319695
-128.75;54.25;0.0002907651641319002
-124.75;54.25;5.519069294554309e-05
-114.25;54.25;0.0004463085255240288
-133.75;54.25;-0.0023843868383626593
-118.25;54.25;0.0009821552726895792
-115.25;54.25;0.0003725470877078401
-126.25;54.25;-0.0004188478846655652
-125.25;54.25;1.060006090800936e-05
-112.25;54.25;0.0006603910530086877
-140.25;54.25;-0.0001576548356965273
-130.25;54.25;0.0016583127744194193
-134.75;54.25;-0.00324680338902553
-130.75;54.25;0.0014208252788802133
-117.25;54.25;0.0008440934265951421
-132.75;54.25;-0.0010062290386383462
-127.75;54.25;-0.0008848175195357239
-111.75;54.25;0.0005613117568619249
-143.25;54.25;0.0005751066469339367
-121.75;54.25;-0.0010601766581349533
-135.25;54.25;-0.003242883237397231
-128.25;54.25;-0.0004284062683600462
-120.25;54.25;-0.0003723668127226516
-116.75;54.25;0.0007333208687814011
-121.25;54.25;-0.0011140847599745904
-135.75;54.25;-0.002899766558829517
-141.75;54.25;0.00033439548694523123
-139.75;54.25;-7.494746662469738e-05
-110.25;54.25;0.00022053904301049652
-129.25;54.25;0.0010289204462987649
-136.75;54.25;-0.001467925863689255
-129.75;54.25;0.0015320487496696927
-119.75;54.25;0.00019295598903835019
-114.75;54.25;0.00036076139777343693
-134.25;54.25;-0.0029333455147581874
-131.25;54.25;0.0009363275426880988
-112.75;54.25;0.0007193650608734316
-123.25;54.25;-0.00016036660785842262
-120.75;54.25;-0.0008642159599214839
-123.75;54.25;-1.1531221823610745e-05
-126.75;54.25;-0.0007536061708342225
-138.75;54.25;0.00030883443547313663
-143.75;54.25;0.0006188092228127427
-113.25;54.25;0.0006934697589137437
-140.75;54.25;-6.93484932500195e-05
-142.75;54.25;0.0005351574921677622
-111.25;54.25;0.00046349350743011284
-133.25;54.25;-0.0017102263044179858
-127.25;54.25;-0.0009699140432313621
-119.25;54.25;0.0006535149085763459
-144.25;54.25;0.0006467448839732891
-142.25;54.25;0.0004696590527654707
-132.25;54.25;-0.00032199115919655566
-136.25;54.25;-0.0022681945548881054
-124.25;54.25;4.5661353193668074e-05
-117.75;54.25;0.0009361679837549446
-144.75;54.25;0.0006144754664742702
-118.75;54.25;0.0009127994580088744
-113.75;54.25;0.0005832774863514671
-131.75;54.25;0.00033144578928996
-138.25;54.25;0.0002870690424960505
-116.25;54.25;0.0006044095283139396
-139.25;54.25;0.0001301509847319224
-115.75;54.25;0.00046999430410469303
-122.75;54.25;-0.0004330456006281367
-137.25;54.25;-0.0006676079299192814
-137.75;54.25;-4.238721233259712e-05
-132.25;54.75;-0.0015184173488429107
-110.25;54.75;8.008570832752142e-05
-112.25;54.75;0.0009011214501924264
-143.75;54.75;0.0006939333046160238
-117.75;54.75;0.0007517147785819657
-115.75;54.75;0.000340101309847459
-127.75;54.75;-0.0008186960072374658
-113.25;54.75;0.0006745482334276608
-138.75;54.75;0.0011408963782898
-126.75;54.75;-0.0005383451983026974
-113.75;54.75;0.0004097408920748659
-131.25;54.75;-0.0006361349174274913
-119.75;54.75;-0.0007173240791299717
-127.25;54.75;-0.0007752014012949051
-131.75;54.75;-0.0010962536412053342
-130.75;54.75;-0.00018418946037191
-118.75;54.75;0.00042763446320789666
-137.75;54.75;0.0013288934366802473
-112.75;54.75;0.0008644725728252275
-114.25;54.75;0.00018925559480355856
-118.25;54.75;0.0006750469159828097
-126.25;54.75;-0.00026969280733622053
-120.25;54.75;-0.0014393863875194716
-141.25;54.75;0.000690335553778959
-135.25;54.75;-0.001549374830482293
-142.25;54.75;0.0008421663299516981
-125.75;54.75;-0.00012293520452328163
-144.75;54.75;0.000527161465168263
-143.25;54.75;0.0007576585405143617
-116.75;54.75;0.0006512613784936713
-124.75;54.75;-0.00032153829779714085
-128.75;54.75;-0.000231004385337404
-133.75;54.75;-0.0023805479813738817
-122.25;54.75;-0.001821425231048808
-139.75;54.75;0.0006300619830144364
-138.25;54.75;0.0013329641285801347
-141.75;54.75;0.0008001746276027816
-136.25;54.75;-0.00010137850267353553
-133.25;54.75;-0.0021995207125217898
-124.25;54.75;-0.0005400045395904686
-137.25;54.75;0.0010730109276155975
-116.25;54.75;0.0005167060653665269
-122.75;54.75;-0.0014099244201970411
-129.25;54.75;0.00012369160826655926
-129.75;54.75;0.00027805424341142623
-123.25;54.75;-0.0010511624099254506
-134.25;54.75;-0.00235755133425251
-136.75;54.75;0.0005747304320847505
-111.25;54.75;0.0005656756390891328
-123.75;54.75;-0.000774003880540187
-140.75;54.75;0.0005699980062102364
-135.75;54.75;-0.000851150132331595
-132.75;54.75;-0.001892888026551179
-142.75;54.75;0.0008162171682050757
-115.25;54.75;0.0001755806496244113
-119.25;54.75;-4.6811356143183286e-05
-144.25;54.75;0.0006220594764392849
-134.75;54.75;-0.002077252118897814
-140.25;54.75;0.0005286352600292637
-125.25;54.75;-0.00015553273026549928
-130.25;54.75;0.00015884654901963632
-117.25;54.75;0.0007310974927916172
-139.25;54.75;0.000863903409373297
-114.75;54.75;0.00010588788611382206
-121.25;54.75;-0.002257660050605676
-128.25;54.75;-0.00060793508878878
-110.75;54.75;0.0003181201313511645
-120.75;54.75;-0.002006979012469234
-121.75;54.75;-0.0021600892793705354
-111.75;54.75;0.0007824837024542494
-113.25;55.25;-3.4939596331626005e-05
-134.75;55.25;0.0005722969800904341
-120.75;55.25;-0.0021264551716022777
-133.75;55.25;-0.00017659606794027786
-140.25;55.25;0.000306062053190627
-140.75;55.25;0.00036913774704397465
-119.75;55.25;-0.0011600471329743568
-126.75;55.25;0.00029758870595795827
-132.25;55.25;-0.0007084290150181041
-111.25;55.25;0.00038120942116679494
-131.75;55.25;-0.0008129596831943546
-144.75;55.25;0.0001910459595533496
-136.75;55.25;0.0019574576162125616
-123.75;55.25;-0.0005936260314563433
-123.25;55.25;-0.0009151044957187587
-143.25;55.25;0.000653802723008887
-111.75;55.25;0.0004764730839325514
-124.25;55.25;-0.0002632989081844194
-132.75;55.25;-0.0005623025533653302
-120.25;55.25;-0.0017236109255947501
-126.25;55.25;0.0005322077726440216
-135.25;55.25;0.00106952680852428
-121.75;55.25;-0.002053799223825752
-124.75;55.25;9.125460007887004e-05
-122.25;55.25;-0.0016856398935021519
-125.75;55.25;0.0005787936492781398
-122.75;55.25;-0.0012775036770137148
-112.75;55.25;0.00029290168447259013
-139.75;55.25;0.0003585654423099086
-125.25;55.25;0.0004079195073407567
-138.25;55.25;0.0012266781173132174
-137.75;55.25;0.001586141795216001
-136.25;55.25;0.00184825232645706
-142.25;55.25;0.0006817729024145839
-133.25;55.25;-0.0003946585279270065
-141.25;55.25;0.0004916705897810269
-121.25;55.25;-0.0022378677860969524
-112.25;55.25;0.00046912630491070985
-142.75;55.25;0.0006946574190121776
-137.25;55.25;0.0018543794841539476
-118.75;55.25;-0.00025728828292656693
-134.25;55.25;0.000140470732162162
-114.75;55.25;-0.0008176514104609905
-129.75;55.25;-0.00037676079407970766
-116.25;55.25;-0.00043838346328424493
-115.25;55.25;-0.0007628367475947953
-110.25;55.25;0.00023032597233235133
-116.75;55.25;-0.00029501735536336055
-127.75;55.25;-0.00022755680385022343
-127.25;55.25;-2.029485879891445e-06
-130.75;55.25;-0.0007246907301799048
-129.25;55.25;-0.00029492964124861994
-131.25;55.25;-0.000826727883185635
-117.75;55.25;-0.00010170985704563509
-128.75;55.25;-0.00030095346622745954
-114.25;55.25;-0.0007009068496787925
-110.75;55.25;0.00027852544059041344
-113.75;55.25;-0.0004108323455651123
-141.75;55.25;0.0006101187566029382
-138.75;55.25;0.0008563559492924651
-117.25;55.25;-0.00018143578639249875
-118.25;55.25;-0.00010090315776574543
-139.25;55.25;0.0005488341421547162
-115.75;55.25;-0.0006087848829369894
-119.25;55.25;-0.0006233125152375811
-143.75;55.25;0.0005601002122821583
-144.25;55.25;0.00040532854328007354
-130.25;55.25;-0.000545288604829284
-128.25;55.25;-0.00031329885740195954
-135.75;55.25;0.0015305218340771081
-112.25;55.75;-4.469569074062408e-05
-122.25;55.75;-9.84107383393443e-05
-130.75;55.75;-0.0006909351932897688
-139.75;55.75;-0.0004130643235626753
-143.75;55.75;0.0002877217152168287
-141.25;55.75;1.983162230939651e-05
-137.25;55.75;0.0013131213576227433
-139.25;55.75;-0.0003441125978379222
-127.75;55.75;0.00038977949671718505
-136.25;55.75;0.0022370255113263824
-111.75;55.75;2.3543650580428446e-05
-116.75;55.75;-0.001508853319927725
-132.25;55.75;0.00022446801813745648
-140.25;55.75;-0.0003506395370408128
-128.25;55.75;0.00015658430020768275
-125.25;55.75;0.0011162541074378766
-143.25;55.75;0.0004397755790891757
-134.75;55.75;0.0022131106793843226
-121.25;55.75;-0.00046923125120789744
-135.25;55.75;0.0024017845329280143
-144.75;55.75;-0.0003203687879177762
-130.25;55.75;-0.0006130713984097173
-117.25;55.75;-0.0012660049392910473
-114.75;55.75;-0.0014357357228945479
-120.75;55.75;-0.0004947566874011584
-121.75;55.75;-0.00030897801895470945
-132.75;55.75;0.000725127788141379
-125.75;55.75;0.0012904766971853399
-141.75;55.75;0.00023037643661637187
-117.75;55.75;-0.0009098209340777224
-128.75;55.75;-2.2040625325017206e-05
-124.75;55.75;0.0008221228552668056
-115.25;55.75;-0.001578214319946769
-120.25;55.75;-0.00037735941619186885
-119.25;55.75;-0.0001254461156293461
-144.25;55.75;2.1830907880941333e-05
-123.75;55.75;0.0003300613251340597
-142.25;55.75;0.00039299119445054804
-129.25;55.75;-0.00020526588387296705
-138.25;55.75;0.00024961010210717546
-110.75;55.75;9.5305899705982e-05
-113.75;55.75;-0.0008691907723075723
-131.25;55.75;-0.0005698463637492006
-129.75;55.75;-0.0004183572628683883
-131.75;55.75;-0.00024129183518291743
-140.75;55.75;-0.00019101765061623816
-133.25;55.75;0.0011852751085781492
-134.25;55.75;0.00192611942261488
-127.25;55.75;0.0006996198888293017
-119.75;55.75;-0.00020780888702205636
-142.75;55.75;0.000470933100802381
-126.75;55.75;0.0010275778117456332
-113.25;55.75;-0.0005167437805320063
-118.75;55.75;-0.0002306407998754799
-123.25;55.75;0.0002016849740556
-122.75;55.75;7.761624176882235e-05
-137.75;55.75;0.0007497980797988295
-115.75;55.75;-0.0016391300662579468
-126.25;55.75;0.0012574036854105515
-116.25;55.75;-0.0016238396604114607
-135.75;55.75;0.0024258260453562087
-114.25;55.75;-0.0011954326159269663
-112.75;55.75;-0.00022256834730390674
-111.25;55.75;4.6159691874634986e-05
-136.75;55.75;0.0018430778992626438
-118.25;55.75;-0.0005234071531663147
-138.75;55.75;-0.0001237887140148462
-133.75;55.75;0.0015825001375642002
-110.25;55.75;0.00019843225259915542
-124.25;55.75;0.00053354150991247
-139.75;56.25;-0.0010216633927913163
-115.75;56.25;-0.001521596758295778
-111.25;56.25;-0.0002650529411876773
-143.25;56.25;0.00012706941161287673
-129.75;56.25;-0.00036045327706440365
-141.75;56.25;0.00013887628505422994
-123.75;56.25;0.0008651725352597303
-125.25;56.25;0.0011117955775869584
-130.25;56.25;-0.0006153260589164898
-121.25;56.25;0.0017159148114602324
-133.25;56.25;0.0009070343327515371
-123.25;56.25;0.0010732469036880449
-144.25;56.25;-0.0006318140030628467
-110.75;56.25;-0.0003368771340527421
-135.75;56.25;0.0014276117615175373
-122.75;56.25;0.0013433678612992375
-124.25;56.25;0.0008139915949327316
-139.25;56.25;-0.001138043353523877
-134.25;56.25;0.001479752117245615
-136.25;56.25;0.0010828852015798648
-116.25;56.25;-0.0016354340464327128
-129.25;56.25;-0.00010854699955829693
-133.75;56.25;0.0012466183741409503
-122.25;56.25;0.0015644806229071315
-111.75;56.25;-0.00017124584380084876
-124.75;56.25;0.0009273836921327901
-138.25;56.25;-0.0008728033767778974
-140.75;56.25;-0.0004698858661306387
-128.75;56.25;8.639457206010573e-05
-142.75;56.25;0.00030452589948007857
-115.25;56.25;-0.0012597293782952161
-132.75;56.25;0.0004713739862850773
-121.75;56.25;0.001681660783134676
-117.25;56.25;-0.0011065949496938251
-116.75;56.25;-0.0015114229576240648
-131.75;56.25;-0.0004422123194511358
-143.75;56.25;-0.00020602320427741473
-119.75;56.25;0.0016382877163981346
-127.25;56.25;0.0006967182502724834
-137.25;56.25;3.977134007203344e-05
-131.25;56.25;-0.0007148352560244339
-125.75;56.25;0.0012289347291068893
-117.75;56.25;-0.00046713168583933874
-142.25;56.25;0.0003030514560942714
-118.75;56.25;0.0009366783682191616
-120.75;56.25;0.00172044501435331
-114.75;56.25;-0.0009386141052699504
-132.25;56.25;-1.0536120139583273e-05
-112.75;56.25;-7.91008207860513e-05
-118.25;56.25;0.00027121917784037974
-112.25;56.25;-9.225452305258996e-05
-130.75;56.25;-0.000765185172044646
-126.25;56.25;0.0011832260651163272
-120.25;56.25;0.0017124997827657799
-127.75;56.25;0.0004400606874895108
-114.25;56.25;-0.0006223459213843068
-126.75;56.25;0.0009772431991409423
-141.25;56.25;-0.0001403634482577633
-135.25;56.25;0.0015964073793514242
-136.75;56.25;0.0005938447080596216
-134.75;56.25;0.0016031520952784705
-137.75;56.25;-0.0004781440447473618
-138.75;56.25;-0.0010953970720951303
-128.25;56.25;0.0002480305448244942
-140.25;56.25;-0.0007830983982580844
-144.75;56.25;-0.0010564382011435589
-110.25;56.25;-0.0003887823194464379
-113.75;56.25;-0.00035377023765019124
-119.25;56.25;0.001401608479860829
-113.25;56.25;-0.00016549494788726653
-135.75;56.75;5.5946251415982654e-05
-113.75;56.75;0.0005265247902933038
-120.25;56.75;0.0024279675727208257
-111.25;56.75;-0.00011483781570923362
-134.25;56.75;0.00027069549627451865
-133.25;56.75;5.754390950786552e-05
-143.75;56.75;-0.00048805888974011815
-118.25;56.75;0.001570835082263716
-124.25;56.75;-5.772236079702157e-05
-115.75;56.75;-0.0004224991794575321
-122.75;56.75;0.001006992501780533
-126.25;56.75;0.00039454066679078993
-129.75;56.75;-0.0002643454582206255
-118.75;56.75;0.0021128079716059233
-129.25;56.75;-7.475428159550608e-05
-127.25;56.75;0.00016276090281423
-126.75;56.75;0.0003024254731093691
-141.75;56.75;0.0004253116891955119
-119.75;56.75;0.0024951197849264724
-123.25;56.75;0.0004941964713453312
-116.25;56.75;-0.00047923773740150106
-138.75;56.75;-0.0015859569690817859
-114.25;56.75;0.00036666672318204114
-142.75;56.75;0.00035969265231016123
-140.75;56.75;-0.00027032851102517494
-138.25;56.75;-0.0015248859223890297
-131.25;56.75;-0.0008061394099059136
-142.25;56.75;0.0005072101529765881
-123.75;56.75;0.00010416746994718771
-137.75;56.75;-0.0012876946209368614
-119.25;56.75;0.002417301911321488
-113.25;56.75;0.0005678864285036068
-131.75;56.75;-0.0007007709516304654
-144.25;56.75;-0.0010046308679432414
-132.75;56.75;-0.00017861711179209422
-121.75;56.75;0.0018770215244860548
-121.25;56.75;0.0021268494856345466
-128.25;56.75;2.859739547001598e-05
-135.25;56.75;0.00020388391388754856
-114.75;56.75;0.00010882955889075911
-136.75;56.75;-0.0005408205709759638
-128.75;56.75;9.580744521845318e-06
-117.75;56.75;0.0008834755715500484
-125.75;56.75;0.0003595147861067296
-115.25;56.75;-0.00018742844842153236
-139.25;56.75;-0.0014536004500590417
-141.25;56.75;0.00014371707028534375
-110.75;56.75;-0.0003654662450229325
-140.25;56.75;-0.0007308351131600111
-130.25;56.75;-0.0005180064784842734
-117.25;56.75;0.0002154037030604469
-120.75;56.75;0.002297510965977696
-124.75;56.75;9.112472019221754e-06
-132.25;56.75;-0.00046042531976554817
-130.75;56.75;-0.0007325013907564591
-139.75;56.75;-0.0011505026004451325
-136.25;56.75;-0.0001949068483165342
-112.25;56.75;0.00033999595379159356
-137.25;56.75;-0.0009319609933845532
-125.25;56.75;0.00019766723553358258
-112.75;56.75;0.0004978094778009491
-111.75;56.75;0.00012598518483160294
-127.75;56.75;6.281183640930989e-05
-110.25;56.75;-0.0006237244581173656
-134.75;56.75;0.00026906497032042444
-143.25;56.75;3.7108551512627835e-06
-116.75;56.75;-0.0002695310279633383
-144.75;56.75;-0.0014222477586401292
-122.25;56.75;0.0015001283459110085
-133.75;56.75;0.0002062407459649158
-110.75;57.25;-2.9213240049727877e-05
-119.25;57.25;0.0016275578967055702
-121.25;57.25;0.0004567996602635641
-138.75;57.25;-0.0013764757905036775
-111.25;57.25;0.0002427606907468845
-116.25;57.25;0.0003539983258400064
-112.25;57.25;0.0007366141785542286
-113.75;57.25;0.0010119732614756883
-115.75;57.25;0.00033616261643335346
-143.25;57.25;0.0003853788441957919
-136.25;57.25;-0.0003727162259182956
-140.75;57.25;0.0001778718743505892
-139.25;57.25;-0.0011743642400493493
-121.75;57.25;0.00020940150389275766
-144.25;57.25;-0.00041669049958119363
-122.75;57.25;-0.0005567987902589988
-112.75;57.25;0.0009130072156749182
-143.75;57.25;-1.8408627539172272e-05
-116.75;57.25;0.0005822994902325509
-111.75;57.25;0.0005058829180610042
-120.25;57.25;0.0009689006109934092
-135.75;57.25;-0.00021556469536417687
-144.75;57.25;-0.0007166612136175674
-118.25;57.25;0.0017148511911924224
-135.25;57.25;-0.00011533122852257422
-122.25;57.25;-0.0001286580196873276
-114.75;57.25;0.0007069250697237261
-118.75;57.25;0.0017918609044722765
-138.25;57.25;-0.0013723661619610564
-117.75;57.25;0.0014058686804035796
-120.75;57.25;0.0006855274608744216
-113.25;57.25;0.0010120563742593795
-115.25;57.25;0.00048555808438779534
-117.25;57.25;0.0009757331093263432
-123.25;57.25;-0.0009823193422142714
-119.75;57.25;0.0013110114621279997
-114.25;57.25;0.0009033809314637563
-139.75;57.25;-0.000794617458828123
-133.75;57.25;8.395185014696382e-05
-142.25;57.25;0.0008605049137723105
-137.25;57.25;-0.0009056457650174237
-134.25;57.25;4.062156220639639e-05
-130.25;57.25;-0.0003804057753076817
-142.75;57.25;0.0007024919633863379
-125.25;57.25;-0.0008564827107300647
-131.25;57.25;-0.0006286118528270279
-132.25;57.25;-0.00031844826246126343
-134.75;57.25;-3.461220362287311e-05
-129.75;57.25;-0.00016973256051320483
-127.75;57.25;-0.00026755885134486883
-126.25;57.25;-0.00042181669545218297
-137.75;57.25;-0.001190327040714173
-133.25;57.25;4.6981714394452974e-05
-125.75;57.25;-0.0005847929043585036
-141.75;57.25;0.0008196487007799673
-129.25;57.25;-4.34734165166945e-05
-127.25;57.25;-0.0003351417990766458
-140.25;57.25;-0.0003115850819505876
-110.25;57.25;-0.0002818754506981262
-124.75;57.25;-0.0011485524119532876
-128.75;57.25;-4.93029280564321e-05
-128.25;57.25;-0.00015163422906965793
-131.75;57.25;-0.0005287582080352802
-136.75;57.25;-0.0006099526817622397
-124.25;57.25;-0.0013217622528161402
-141.25;57.25;0.000579193971788086
-123.75;57.25;-0.0012690109403505627
-126.75;57.25;-0.0003628513270099915
-132.75;57.25;-9.738377527873724e-05
-130.75;57.25;-0.0005675564119578776
-123.25;57.75;-0.0015789947411813355
-136.25;57.75;0.00010855533796634253
-119.25;57.75;-0.0003273725211345834
-117.75;57.75;0.0002780638811298778
-121.75;57.75;-0.0012132790996312057
-133.25;57.75;0.00038414988426426595
-139.25;57.75;-0.0005730356346677883
-142.25;57.75;0.0009460577899614253
-119.75;57.75;-0.0007576594113039408
-129.75;57.75;-9.561795025478529e-05
-115.75;57.75;0.00010614538329030624
-111.25;57.75;-1.610692547445059e-06
-125.25;57.75;-0.001148905148138708
-139.75;57.75;-0.0002490290155205508
-137.75;57.75;-0.0005754320263514919
-110.25;57.75;-0.0005256443974594697
-131.75;57.75;-0.0004244008491849078
-143.75;57.75;0.0007110827496492028
-126.75;57.75;-0.0005573982155495185
-141.75;57.75;0.0008951652572864841
-117.25;57.75;0.0001283912686703108
-125.75;57.75;-0.0008881945592084989
-135.75;57.75;0.00020448783833675852
-120.75;57.75;-0.0012337532243864187
-133.75;57.75;0.00044290044558863633
-128.25;57.75;-1.8654350838665243e-05
-128.75;57.75;0.0001111264615130472
-113.25;57.75;0.0011864274468310074
-116.75;57.75;-2.8371523990481643e-05
-127.25;57.75;-0.0004100949662859457
-124.75;57.75;-0.0014292103362329024
-122.25;57.75;-0.0012567091745683877
-114.25;57.75;0.0010795399325994608
-121.25;57.75;-0.0012405435075178706
-144.75;57.75;0.0004079562863830974
-129.25;57.75;8.891972066197963e-05
-132.75;57.75;0.00018388642460091318
-116.25;57.75;-5.622371197408637e-05
-130.75;57.75;-0.0005654193629111516
-134.75;57.75;0.00032296748628275057
-127.75;57.75;-0.0002205070645470387
-115.25;57.75;0.00042220086775188366
-143.25;57.75;0.0008374590847560276
-118.25;57.75;0.00027904473141133573
-138.25;57.75;-0.0007467902251625622
-123.75;57.75;-0.0016836147908966125
-142.75;57.75;0.0009204274564769433
-112.25;57.75;0.0007052521739857466
-130.25;57.75;-0.00035970952938323646
-131.25;57.75;-0.0005964717182079856
-114.75;57.75;0.0007861676421534418
-134.25;57.75;0.00039907641934600285
-135.25;57.75;0.00026056453863212964
-137.25;57.75;-0.0003173257249833204
-126.25;57.75;-0.0006974983178653942
-120.25;57.75;-0.0010841626410849454
-112.75;57.75;0.000999099819999481
-136.75;57.75;-6.7712501235355e-05
-132.25;57.75;-0.00012180868769780083
-140.25;57.75;0.0001332292783541114
-140.75;57.75;0.00048465511025907337
-124.25;57.75;-0.0016331924115866253
-111.75;57.75;0.0003552814218328454
-138.75;57.75;-0.0007533272336823038
-141.25;57.75;0.0007451377247983295
-144.25;57.75;0.000558381588922459
-122.75;57.75;-0.0013999164211407175
-110.75;57.75;-0.00031376875527936587
-118.75;57.75;6.246512962683964e-05
-113.75;57.75;0.0012209620167225087
-127.25;58.25;2.845921749096908e-06
-118.25;58.25;-0.0013564938075714941
-111.75;58.25;-4.109279337205676e-05
-114.25;58.25;0.0013047862434471533
-140.75;58.25;0.0004433739809808683
-117.25;58.25;-0.001420242259404892
-125.25;58.25;-0.0007008196139083183
-135.25;58.25;0.00019130945310933675
-117.75;58.25;-0.0013670349789713994
-127.75;58.25;0.00030934705675002923
-136.75;58.25;4.888837957080646e-05
-118.75;58.25;-0.001458451980653575
-128.25;58.25;0.0005902184995213839
-132.75;58.25;0.00018055465193522524
-121.25;58.25;-0.0012034677996602457
-131.75;58.25;-0.000384732919861363
-140.25;58.25;0.0002859704323121192
-137.75;58.25;-0.00029829961631239914
-112.75;58.25;0.0010588403057131708
-121.75;58.25;-0.0008707367664350044
-143.25;58.25;0.000677598272688506
-144.75;58.25;0.0006179363948381184
-124.75;58.25;-0.0008118909849004757
-110.75;58.25;-0.0010600924474705033
-116.25;58.25;-0.001112884036127641
-111.25;58.25;-0.0005954278402866979
-141.25;58.25;0.0005089263867298919
-122.75;58.25;-0.0006306069254172639
-110.25;58.25;-0.0013768687195325347
-124.25;58.25;-0.0008619337265389382
-132.25;58.25;-0.000108237442873136
-144.25;58.25;0.0007188787717582344
-138.75;58.25;-0.00037194016404880733
-130.25;58.25;-6.109064390629295e-05
-115.25;58.25;9.816077665812828e-05
-142.75;58.25;0.0005968005265182885
-131.25;58.25;-0.0005056508503228234
-113.75;58.25;0.0015225535234982318
-126.25;58.25;-0.00042825863290575254
-120.25;58.25;-0.0017541403495353895
-123.25;58.25;-0.0007161812261719883
-137.25;58.25;-0.00011848328573255221
-130.75;58.25;-0.00038753863257422845
-114.75;58.25;0.0007905540576392177
-123.75;58.25;-0.0008215933544979674
-119.75;58.25;-0.0017725341310417717
-138.25;58.25;-0.00040405286529980995
-126.75;58.25;-0.00024789814302623775
-112.25;58.25;0.000537730224532787
-133.75;58.25;0.0003940062677477671
-134.25;58.25;0.00032592079856636147
-115.75;58.25;-0.0005927765979668127
-143.75;58.25;0.0007344859267858606
-139.75;58.25;4.8966665352792296e-05
-122.25;58.25;-0.0006654576276666594
-129.75;58.25;0.00033842784087515534
-120.75;58.25;-0.0015422579637032984
-136.25;58.25;0.0001466731500255571
-129.25;58.25;0.0006407930953698068
-119.25;58.25;-0.001635556367285332
-141.75;58.25;0.0005222926343686277
-128.75;58.25;0.0007285712230847952
-135.75;58.25;0.000177433653602736
-116.75;58.25;-0.0013772890448875245
-133.25;58.25;0.0003609210902788436
-134.75;58.25;0.0002394565560056049
-139.25;58.25;-0.0002002508398373506
-125.75;58.25;-0.0005697139142937578
-142.25;58.25;0.0005406146367501699
-113.25;58.25;0.0014207437439729034
-144.75;58.75;-3.0150788234331638e-05
-126.75;58.75;0.0002787918451769149
-112.25;58.75;0.0005745954389297682
-127.25;58.75;0.0006216086083686037
-119.75;58.75;-0.0011087023677118799
-132.75;58.75;0.00020647302736048916
-141.25;58.75;0.00024404340675266334
-120.25;58.75;-0.0007907067367719882
-110.75;58.75;-0.0009694003103443576
-139.75;58.75;4.662733837471487e-05
-119.25;58.75;-0.0013041011153054054
-126.25;58.75;2.899407576758083e-05
-118.75;58.75;-0.001452636180342043
-138.75;58.75;-0.0004049209651290248
-136.25;58.75;-0.0002294205039552714
-132.25;58.75;9.95929088552822e-05
-134.75;58.75;-0.00020891541745593522
-137.75;58.75;-0.0004631942223145856
-142.25;58.75;8.132259837661978e-05
-120.75;58.75;-0.0003483408508851134
-125.75;58.75;-0.0001330218174866619
-114.25;58.75;0.0013319257600827058
-113.25;58.75;0.0015080606401544868
-130.75;58.75;0.00024110864011754935
-144.25;58.75;0.00012385670310078255
-135.75;58.75;-0.00025078919420604563
-128.75;58.75;0.0015192278621565956
-116.75;58.75;-0.0020458680430973254
-123.25;58.75;0.000351852917241291
-122.25;58.75;0.0006621060776137632
-124.75;58.75;-0.00023049809476402374
-110.25;58.75;-0.0013438930623742536
-131.25;58.75;1.4374052311947942e-05
-129.25;58.75;0.0014267802028317825
-114.75;58.75;0.0006838168139094265
-116.25;58.75;-0.0017236291975260244
-133.25;58.75;0.00021334151917080238
-115.25;58.75;-0.000190269504621671
-139.25;58.75;-0.00019801025383362188
-141.75;58.75;0.00014651647789474598
-130.25;58.75;0.0006445220197114097
-142.75;58.75;8.815688588806579e-05
-129.75;58.75;0.0010952924659780755
-115.75;58.75;-0.0010652202775674273
-113.75;58.75;0.0016116743482528205
-122.75;58.75;0.0005877838806820541
-111.25;58.75;-0.0005142624873673682
-143.75;58.75;0.0001766887119964192
-117.25;58.75;-0.0020506565140681254
-124.25;58.75;-0.0001336424153723004
-143.25;58.75;0.00014297960953077877
-118.25;58.75;-0.0016353380709116419
-140.75;58.75;0.0002946090190841879
-140.25;58.75;0.00023139448354363656
-123.75;58.75;7.620849106868783e-05
-137.25;58.75;-0.0003573586351003055
-127.75;58.75;0.0010142631289911672
-111.75;58.75;8.390524177314797e-06
-136.75;58.75;-0.00026175199566761396
-112.75;58.75;0.0011152755430910506
-125.25;58.75;-0.00022189649453986093
-138.25;58.75;-0.0004973627973212139
-131.75;58.75;-7.102524443112548e-06
-121.75;58.75;0.0005017572105015239
-117.75;58.75;-0.0018639230536995034
-121.25;58.75;0.00012842892586727823
-134.25;58.75;-6.888214117172605e-05
-128.25;58.75;0.001354895417898389
-135.25;58.75;-0.00026503527937789896
-133.75;58.75;0.00010139066284238671
-130.25;59.25;0.0008126761722097006
-141.75;59.25;0.00018122118258471343
-110.75;59.25;-0.00010564527300593639
-112.25;59.25;0.00044845858748561695
-119.75;59.25;0.00027820756352452217
-126.75;59.25;0.0006855134139369399
-137.25;59.25;-0.0002239121085720232
-115.25;59.25;-0.00042517472149068263
-131.25;59.25;0.0002555406993183603
-110.25;59.25;-0.00030872169135700233
-134.25;59.25;-0.00034680135113394846
-130.75;59.25;0.00047573990913520774
-114.75;59.25;0.00026278599530829593
-114.25;59.25;0.0007943021202136392
-143.75;59.25;-0.00012887478646471766
-116.25;59.25;-0.001436653055581827
-132.25;59.25;0.0001470350438369769
-144.75;59.25;-0.00041798538039235184
-140.75;59.25;0.0003890692092658861
-112.75;59.25;0.0007375498040769554
-118.75;59.25;-0.0001574089694708404
-118.25;59.25;-0.000447681584752592
-127.75;59.25;0.001232538014248532
-137.75;59.25;-0.00033976327667659866
-136.75;59.25;-0.00014473882476259876
-138.75;59.25;-0.00032403434305694386
-128.25;59.25;0.0014562079009230225
-131.75;59.25;0.00016622934294609743
-117.25;59.25;-0.0012255645361928557
-135.75;59.25;-0.00026780130888196484
-113.25;59.25;0.000980955950184159
-128.75;59.25;0.0015472449939983265
-139.75;59.25;0.00012504168451310817
-116.75;59.25;-0.001476321411934082
-136.25;59.25;-0.0001632605869791609
-119.25;59.25;5.817879202340203e-05
-129.25;59.25;0.001450207980058384
-142.25;59.25;4.432625816818399e-05
-139.25;59.25;-0.00012511303552729445
-129.75;59.25;0.0011769998430810377
-115.75;59.25;-0.0010567250796465846
-113.75;59.25;0.0010351976016297294
-144.25;59.25;-0.0002395293499250679
-117.75;59.25;-0.000831018469881758
-127.25;59.25;0.0009563591993527602
-124.75;59.25;-0.00011843451050153044
-122.75;59.25;0.0009243955104896495
-120.25;59.25;0.0005662944672661695
-126.25;59.25;0.00043697650596991115
-125.75;59.25;0.0002062221691243452
-123.25;59.25;0.0004996697823215594
-138.25;59.25;-0.0003963466103746948
-133.75;59.25;-0.00018108237372045302
-121.75;59.25;0.0013500619526147757
-133.25;59.25;-5.369378374109079e-06
-141.25;59.25;0.00032273057275519713
-120.75;59.25;0.0009094003088661584
-135.25;59.25;-0.0003837788296082375
-134.75;59.25;-0.0004241310351830729
-142.75;59.25;-3.938284843124014e-05
-122.25;59.25;0.0012465259709501801
-124.25;59.25;-9.327150499745008e-05
-111.75;59.25;0.00021364054848876956
-123.75;59.25;0.0001230032618820264
-143.25;59.25;-7.943635195951926e-05
-125.25;59.25;4.7230348337581055e-06
-111.25;59.25;4.7222126459762634e-05
-140.25;59.25;0.00032135872086680293
-121.25;59.25;0.0012121638538782856
-132.75;59.25;0.00010857170289334306
-124.25;59.75;-0.0002445097959677403
-111.75;59.75;-0.00011515398462173679
-121.25;59.75;0.0013022094026466972
-139.75;59.75;0.0003589607686276694
-111.25;59.75;3.108349174296949e-05
-130.25;59.75;-0.00013038709956345103
-120.75;59.75;0.0012501902970660568
-117.75;59.75;0.0006292787648883501
-136.25;59.75;0.0005341242320075434
-130.75;59.75;-0.0003186990953367298
-115.75;59.75;-0.0006459842482071786
-129.75;59.75;8.779322131407846e-05
-125.25;59.75;0.0002511690741710592
-144.75;59.75;-0.0003661530927972897
-127.75;59.75;0.0006072673080451025
-121.75;59.75;0.0012032168881291822
-141.25;59.75;0.0004805490246909111
-118.75;59.75;0.0010901246017109409
-143.25;59.75;-9.94830270334549e-05
-140.25;59.75;0.0005085117530266673
-137.75;59.75;0.0003482937998819508
-132.75;59.75;-0.0005029923675523798
-140.75;59.75;0.0005579465719713198
-144.25;59.75;-0.00025015977591791294
-136.75;59.75;0.0006226570136567313
-113.75;59.75;0.00019409495183804213
-131.25;59.75;-0.0004359495430065369
-141.75;59.75;0.0003147725702483505
-122.75;59.75;0.0004776710124035822
-125.75;59.75;0.0005301226601021274
-115.25;59.75;-0.000449643811954426
-127.25;59.75;0.0006848232806482528
-118.25;59.75;0.0009514407154327376
-143.75;59.75;-0.0001660290980928284
-133.75;59.75;-0.0005654753812270988
-123.25;59.75;5.13019493632796e-05
-119.25;59.75;0.0011042806065844606
-112.75;59.75;-4.8060664543114965e-05
-139.25;59.75;0.00019480730615144926
-134.25;59.75;-0.0005138624608931682
-138.25;59.75;0.00017531570427630624
-116.25;59.75;-0.0006022214776491118
-133.25;59.75;-0.0005404308701982839
-126.25;59.75;0.0006955130599170835
-120.25;59.75;0.0011529633796156671
-117.25;59.75;0.00016691452711555863
-137.25;59.75;0.0005365307934699273
-114.75;59.75;-0.00014249084273167408
-119.75;59.75;0.001100489247976766
-124.75;59.75;-5.1529642617691374e-05
-126.75;59.75;0.0007326037182260052
-129.25;59.75;0.0002833694052557541
-135.75;59.75;0.0002824075841384892
-123.75;59.75;-0.00021775040696546814
-132.25;59.75;-0.00048757107751864435
-128.75;59.75;0.00042680386423535647
-113.25;59.75;0.00010916885279990098
-142.75;59.75;-1.0090488875232222e-05
-131.75;59.75;-0.00048009080715267864
-112.25;59.75;-0.00014869756300015926
-142.25;59.75;0.0001320844204363545
-114.25;59.75;0.0001094537650536919
-128.25;59.75;0.0005255826313264754
-138.75;59.75;0.00011537238803923953
-134.75;59.75;-0.0003371426463304423
-110.25;59.75;0.00022470186479048196
-135.25;59.75;-4.555681455336475e-05
-122.25;59.75;0.0009087642675082173
-110.75;59.75;0.00018472621506672115
-116.75;59.75;-0.0002980302144256431
-122.25;60.25;0.00042053435861855653
-139.25;60.25;0.0002457866487563868
-124.25;60.25;-0.00011447185744807312
-141.25;60.25;0.0002393259000706367
-131.75;60.25;-0.001106264310913342
-128.75;60.25;-0.0009343842301127965
-141.75;60.25;7.664876649029394e-05
-118.25;60.25;0.0014028784703903668
-116.75;60.25;0.0005034169081176607
-127.75;60.25;-0.0004896653070788082
-136.75;60.25;0.0012797131543202443
-144.75;60.25;-0.00041138141153698423
-113.25;60.25;-0.00026527661742892396
-129.75;60.25;-0.0010745398461318074
-128.25;60.25;-0.0007676655245472481
-113.75;60.25;-0.00010338306204653051
-110.25;60.25;-2.0069913463558802e-05
-117.75;60.25;0.0012843562554092581
-142.75;60.25;-0.00024327216400398178
-144.25;60.25;-0.0003691673134349932
-115.75;60.25;-0.00014955926468377862
-111.75;60.25;-0.0005783441682120189
-143.25;60.25;-0.0003195481272040225
-135.25;60.25;0.00042096168094191144
-136.25;60.25;0.0011809075434197516
-121.75;60.25;0.0006756756667740364
-116.25;60.25;9.485115367045226e-05
-122.75;60.25;9.561956651693156e-05
-117.25;60.25;0.0009512027479617711
-124.75;60.25;0.0001762688844566831
-137.75;60.25;0.0008703337770922204
-135.75;60.25;0.0008659887143807739
-129.25;60.25;-0.0010219401310117323
-139.75;60.25;0.00026933232830354126
-133.25;60.25;-0.0008469732217543274
-125.25;60.25;0.0004721960623999956
-112.75;60.25;-0.000470883427251987
-123.75;60.25;-0.00025290811979881614
-134.75;60.25;-3.782794545609272e-05
-120.75;60.25;0.0008161377392924371
-118.75;60.25;0.0013114418358394222
-140.75;60.25;0.00032789849569497245
-130.75;60.25;-0.0011448372370079776
-140.25;60.25;0.00032440557839609593
-110.75;60.25;-0.00017511468253503018
-120.25;60.25;0.000828357718274212
-119.75;60.25;0.0009212933306367628
-123.25;60.25;-0.0001694098736843097
-125.75;60.25;0.0006229738797642012
-137.25;60.25;0.0011516629302418706
-127.25;60.25;-0.00011749009243358343
-126.25;60.25;0.0005479846045530086
-132.25;60.25;-0.0010400403942177547
-132.75;60.25;-0.000955828787470644
-112.25;60.25;-0.000602688752269305
-134.25;60.25;-0.0004174641873688465
-115.25;60.25;-0.0001992971401651633
-138.75;60.25;0.0003337702717496999
-114.75;60.25;-0.00012793949862391143
-114.25;60.25;-6.239908052569294e-05
-133.75;60.25;-0.0006813869618206928
-121.25;60.25;0.0007970591581558648
-119.25;60.25;0.0011084553084874662
-130.25;60.25;-0.0011165656671180443
-111.25;60.25;-0.00040424974923034766
-143.75;60.25;-0.0003486661356332674
-142.25;60.25;-0.00010319476207265214
-126.75;60.25;0.00026805403861949453
-138.25;60.25;0.0005595349999767362
-131.25;60.25;-0.0011438300269812818
-142.25;60.75;-0.0003100593191206141
-132.25;60.75;-0.0005624278591617409
-142.75;60.75;-0.0003448693536210789
-144.25;60.75;-0.000260261573761097
-136.75;60.75;0.0011576963227645715
-131.25;60.75;-0.0007612763034975988
-116.25;60.75;0.00021414008304264533
-113.75;60.75;0.00012782799286148702
-135.75;60.75;0.0010286304321324498
-140.75;60.75;-0.00022991275579356497
-112.75;60.75;-0.000167993030966313
-126.25;60.75;-0.00014139056559634276
-138.75;60.75;-0.00014568637440069444
-122.25;60.75;0.00024087398243008562
-134.75;60.75;0.00042233722608292094
-116.75;60.75;0.0005266433302577488
-114.25;60.75;0.00012234432383635268
-134.25;60.75;0.00013082253431363143
-126.75;60.75;-0.0005605442690678829
-128.75;60.75;-0.0013767666925425831
-131.75;60.75;-0.0006722964560442309
-139.25;60.75;-0.00031433969382397116
-112.25;60.75;-0.0003241174236279126
-129.25;60.75;-0.0012338117695834079
-113.25;60.75;1.5416163789850067e-05
-137.25;60.75;0.0009283545079587013
-120.25;60.75;0.0002131526959099987
-124.75;60.75;0.0001587443331731626
-140.25;60.75;-0.0002892294379022871
-119.75;60.75;0.0002733758342689999
-117.25;60.75;0.000825091619740744
-135.25;60.75;0.0007442966747870546
-133.25;60.75;-0.0002834746581756237
-123.75;60.75;-8.661566916189382e-05
-132.75;60.75;-0.00043281678676276235
-141.25;60.75;-0.00021591961033461528
-127.25;60.75;-0.0009853749118511168
-141.75;60.75;-0.0002532387515851797
-122.75;60.75;7.524997407644213e-05
-125.75;60.75;0.0001468618568339278
-121.75;60.75;0.000342915316358023
-123.25;60.75;-6.091031676522456e-05
-121.25;60.75;0.0003385859923920588
-111.25;60.75;-0.00026501643930491544
-128.25;60.75;-0.0014194985454940934
-137.75;60.75;0.0005620521834825334
-118.25;60.75;0.0009398745392246129
-133.75;60.75;-0.00010217339974544341
-110.75;60.75;-8.16448185544311e-05
-143.25;60.75;-0.00033611319881198475
-118.75;60.75;0.0007308181379322253
-124.25;60.75;1.0501205963863935e-05
-143.75;60.75;-0.0002957092405315664
-136.25;60.75;0.0011884270961038258
-110.25;60.75;8.029607687229804e-05
-138.25;60.75;0.00016759940458593135
-125.25;60.75;0.00023818426651713793
-129.75;60.75;-0.0010702657608696034
-114.75;60.75;3.440746974903416e-05
-144.75;60.75;-0.00026765340607507414
-130.25;60.75;-0.0009367623365453833
-119.25;60.75;0.0004677936176892271
-115.75;60.75;8.878719861992307e-06
-117.75;60.75;0.0009833639468713044
-115.25;60.75;-3.7450949762914334e-05
-120.75;60.75;0.0002643622132486572
-111.75;60.75;-0.00036451188675364564
-130.75;60.75;-0.0008409792997208878
-139.75;60.75;-0.00034254275203168745
-127.75;60.75;-0.0012932903976048354
-134.25;61.25;0.0005905327294524837
-130.25;61.25;6.33807712612229e-05
-124.25;61.25;-0.00021691510595177836
-111.25;61.25;0.00035920874304706715
-141.75;61.25;-0.00016764789143589062
-131.75;61.25;0.00024783326031915917
-139.25;61.25;-0.0009680467381376877
-131.25;61.25;0.0001904076114974477
-116.75;61.25;6.308416519405864e-05
-114.75;61.25;-0.00016589806033599227
-115.25;61.25;-0.00030752349104417703
-140.75;61.25;-0.0005429577824590558
-113.75;61.25;0.00019492876862771847
-122.75;61.25;2.1860205821652948e-05
-142.75;61.25;9.453263322412957e-05
-138.25;61.25;-0.000568676927639685
-144.25;61.25;0.0004644578617230904
-130.75;61.25;0.0001426225683548407
-129.25;61.25;-0.00034995497355030497
-116.25;61.25;-0.00017067596940939153
-123.75;61.25;-0.00016932786995618992
-133.25;61.25;0.0004950519984861175
-124.75;61.25;-0.00026524323065754886
-123.25;61.25;-8.625018816001907e-05
-137.25;61.25;0.0001790942987570174
-114.25;61.25;3.2261874594551066e-05
-133.75;61.25;0.000549692937190795
-115.75;61.25;-0.00031452259525582973
-129.75;61.25;-9.431173857424474e-05
-138.75;61.25;-0.0008467681311642274
-119.75;61.25;-0.0002407111935840414
-127.75;61.25;-0.001180796610552829
-120.25;61.25;-0.00023910830742762123
-117.25;61.25;0.0002767084236242112
-143.25;61.25;0.0002279782811427883
-122.25;61.25;0.0001045337218816241
-118.25;61.25;0.00029633623328031425
-135.25;61.25;0.0006769249398893487
-141.25;61.25;-0.0003360446409034134
-126.25;61.25;-0.000821766088742634
-110.75;61.25;0.0005114566149375818
-120.75;61.25;-0.00012766670721003413
-121.75;61.25;0.00010767039989303217
-144.75;61.25;0.0004999263071821147
-137.75;61.25;-0.0001959943536814004
-132.25;61.25;0.0003282260242765818
-136.75;61.25;0.000472856209389767
-119.25;61.25;-0.00010930539342213962
-110.25;61.25;0.0006378516399597652
-135.75;61.25;0.0006961513430697343
-136.25;61.25;0.000642502679854598
-111.75;61.25;0.0002571361728269241
-117.75;61.25;0.000367931560143846
-140.25;61.25;-0.0007594846753679343
-142.25;61.25;-3.1898977522649426e-05
-128.25;61.25;-0.0009801817209961147
-143.75;61.25;0.00036132304421534
-113.25;61.25;0.00026794589534025095
-139.75;61.25;-0.000924383537184657
-112.25;61.25;0.00023462610151785295
-127.25;61.25;-0.0012102254142183184
-118.75;61.25;0.00010393679484340998
-125.25;61.25;-0.00037005021604679154
-125.75;61.25;-0.0005632673138204773
-112.75;61.25;0.00026104250693322116
-126.75;61.25;-0.001069022749716717
-132.75;61.25;0.0004179462329133616
-121.25;61.25;1.5887752200588535e-05
-134.75;61.25;0.0006327195971650053
-128.75;61.25;-0.000671763297796156
-119.25;61.75;-0.00045961101220969865
-115.75;61.75;-0.0007982105529788254
-118.75;61.75;-0.00028642606656327263
-134.25;61.75;0.00034680450929688535
-125.75;61.75;-0.0006802013938392772
-117.75;61.75;-0.00012986763513916412
-122.75;61.75;-0.00039564115969002977
-133.75;61.75;0.00042312661709833653
-120.75;61.75;-0.0005772807170434767
-110.25;61.75;0.0007907996623954388
-115.25;61.75;-0.0007692029545741429
-137.75;61.75;-0.000554100615244298
-111.25;61.75;0.0006443477964552635
-127.75;61.75;-9.817804401372323e-05
-130.75;61.75;0.0007178810731406596
-130.25;61.75;0.0008299309534659443
-141.75;61.75;5.91441550919803e-05
-132.75;61.75;0.0005009855365676442
-125.25;61.75;-0.0006455860139778452
-112.75;61.75;0.00034158452502900023
-138.25;61.75;-0.0008309452561289652
-140.75;61.75;-0.0004583002089026399
-118.25;61.75;-0.0001520117013609614
-143.75;61.75;0.0008201405079082422
-124.25;61.75;-0.0005615134678075477
-121.25;61.75;-0.0004825105022245479
-121.75;61.75;-0.00040114213218295827
-127.25;61.75;-0.00039790708344293596
-142.25;61.75;0.0002571457959527639
-122.25;61.75;-0.00037100316898441187
-129.75;61.75;0.0008751386315996113
-120.25;61.75;-0.0006281652265761392
-117.25;61.75;-0.0002450094964832414
-124.75;61.75;-0.0006036095428109702
-139.75;61.75;-0.0009688140078396989
-138.75;61.75;-0.0010237812772346923
-113.25;61.75;0.00018768218398492712
-143.25;61.75;0.0006241019536299944
-114.25;61.75;-0.00031889474320192086
-129.25;61.75;0.0007963686010916147
-137.25;61.75;-0.00027133189500843085
-112.25;61.75;0.0004460641759924909
-119.75;61.75;-0.0005899115369393704
-141.25;61.75;-0.00017941998326392365
-126.75;61.75;-0.0005931853155116369
-136.25;61.75;9.476907796601488e-05
-139.25;61.75;-0.0010742484408779818
-123.75;61.75;-0.0005120291823823992
-131.75;61.75;0.0005341540071196543
-128.75;61.75;0.0005770666887409573
-131.25;61.75;0.000605094714515856
-134.75;61.75;0.0002729462829387393
-116.75;61.75;-0.00045654133047416375
-133.25;61.75;0.0004778281404555944
-110.75;61.75;0.0007439563357657898
-135.25;61.75;0.00021719482301224956
-123.25;61.75;-0.00045201304304999133
-144.75;61.75;0.0011304278249001153
-132.25;61.75;0.0005085555218061976
-114.75;61.75;-0.000589643464861212
-142.75;61.75;0.0004376357176089601
-111.75;61.75;0.0005398512919994208
-140.25;61.75;-0.0007422146730548849
-136.75;61.75;-4.663495788865718e-05
-144.25;61.75;0.001002543350185049
-113.75;61.75;-3.874989206726609e-05
-135.75;61.75;0.00016946198941221945
-128.25;61.75;0.00025376239724213024
-126.25;61.75;-0.0006770971792820807
-116.25;61.75;-0.0006737826544808856
-125.75;62.25;-2.506980015318372e-05
-131.25;62.25;0.00043525794056772633
-141.75;62.25;-0.0001117350687916433
-120.75;62.25;-0.001009526023680151
-132.75;62.25;-6.7543480573831715e-06
-123.75;62.25;-0.000698481315108135
-132.25;62.25;0.00010177196883835297
-136.75;62.25;-2.9588137117764187e-05
-140.75;62.25;-0.0003668826992233133
-114.75;62.25;-0.0006556669869046055
-119.75;62.25;-0.0007813206635320963
-137.25;62.25;-0.00014441605328124047
-120.25;62.25;-0.000927509978036153
-130.75;62.25;0.0006912548476715181
-138.75;62.25;-0.0007153237009795279
-119.25;62.25;-0.0006004107625768201
-114.25;62.25;-0.00035530031356302826
-134.75;62.25;-0.00023193945165200623
-112.25;62.25;0.0004192570027091485
-126.25;62.25;0.0002369317764253473
-143.75;62.25;0.0003806772438557972
-126.75;62.25;0.0005405735905403417
-127.25;62.25;0.0008658830669658498
-125.25;62.25;-0.00024365696978573116
-133.75;62.25;-0.00018663158071875464
-140.25;62.25;-0.0005461883561834109
-110.25;62.25;0.0005028275940569183
-123.25;62.25;-0.0007971751317323702
-144.25;62.25;0.0006279521150457545
-113.75;62.25;-5.663061398910009e-05
-116.25;62.25;-0.0009127554300395567
-144.75;62.25;0.0008666841082363766
-135.25;62.25;-0.00017021248198660491
-117.25;62.25;-0.0005429599461831111
-124.75;62.25;-0.0004251604450133949
-129.75;62.25;0.0012581171016396442
-128.75;62.25;0.0014989844009875735
-111.75;62.25;0.00046687290196922827
-129.25;62.25;0.0014468832357754033
-139.75;62.25;-0.0006994389049373926
-141.25;62.25;-0.00021485708749968812
-136.25;62.25;-1.6315986880848355e-05
-131.75;62.25;0.00024111235753912255
-139.25;62.25;-0.0007672477329748268
-133.25;62.25;-0.00010331824036922684
-116.75;62.25;-0.0007434640077161453
-122.25;62.25;-0.0009446303199107228
-143.25;62.25;0.0001779783914014278
-128.25;62.25;0.0013988346895749968
-142.75;62.25;4.267196658062224e-05
-130.25;62.25;0.0009840128389610203
-111.25;62.25;0.0005010809833496494
-115.25;62.25;-0.000881264413012898
-118.75;62.25;-0.00043958998789877287
-121.25;62.25;-0.001027085659818925
-112.75;62.25;0.0003344664232671259
-124.25;62.25;-0.0005756151698853953
-142.25;62.25;-4.0115033374972665e-05
-127.75;62.25;0.0011707247345536052
-110.75;62.25;0.0005211199802653042
-134.25;62.25;-0.0002367374535153905
-118.25;62.25;-0.000359045205145537
-121.75;62.25;-0.0009984954417480228
-138.25;62.25;-0.0005546640456026656
-113.25;62.25;0.0001806794297509815
-117.75;62.25;-0.0003960974766944385
-135.75;62.25;-8.070235638973402e-05
-137.75;62.25;-0.00033964445711237465
-115.75;62.25;-0.0009719376161672997
-122.75;62.25;-0.0008773376993887092
-144.75;62.75;0.00039849776964449624
-111.25;62.75;0.00023163615646320667
-132.75;62.75;-0.00037012589410335284
-133.25;62.75;-0.00047963446595520085
-133.75;62.75;-0.0005293600955041844
-132.25;62.75;-0.00022933553930849424
-131.75;62.75;-6.974464411391454e-05
-111.75;62.75;0.00026898250270962097
-139.75;62.75;-0.0004928649747645927
-136.25;62.75;0.0002151288005730572
-140.75;62.75;-0.00036088187691503523
-114.25;62.75;3.2444282353896e-05
-113.25;62.75;0.0003639971072620889
-113.75;62.75;0.0002480416830072556
-112.25;62.75;0.0003313579390456278
-134.25;62.75;-0.0004903566379967581
-112.75;62.75;0.00037978362978130915
-141.25;62.75;-0.00035561187604675373
-128.75;62.75;0.001394630318870496
-120.75;62.75;-0.0008079830743442855
-125.25;62.75;0.0003419171946020373
-121.25;62.75;-0.0009279006414203434
-115.75;62.75;-0.0006554679144065777
-129.75;62.75;0.0008905145781096894
-125.75;62.75;0.0006419858855469452
-144.25;62.75;9.872710094170702e-05
-138.75;62.75;-0.0004469739421229075
-126.25;62.75;0.0009394819565584289
-120.25;62.75;-0.0006195648706088037
-126.75;62.75;0.0012082138567044854
-119.75;62.75;-0.00040026554715712936
-116.25;62.75;-0.0006816959908861667
-129.25;62.75;0.0011709365097751462
-110.25;62.75;0.0002507655193838161
-121.75;62.75;-0.000963980552431407
-134.75;62.75;-0.00035447639300021603
-119.25;62.75;-0.0002045747375147054
-143.75;62.75;-0.00018815780189058922
-118.75;62.75;-8.846712780411609e-05
-131.25;62.75;0.00011435825829163197
-116.75;62.75;-0.0005762952294336801
-139.25;62.75;-0.0005168799208458627
-142.25;62.75;-0.00046850030913553255
-127.75;62.75;0.0015265602835260695
-140.25;62.75;-0.00042065416600414296
-118.25;62.75;-8.844026105563742e-05
-117.25;62.75;-0.00039097287152487
-135.75;62.75;6.538126994679448e-05
-137.75;62.75;-5.8413462884061374e-05
-117.75;62.75;-0.00020372513913194322
-127.25;62.75;0.0014149469712450703
-142.75;62.75;-0.00048171005891654633
-128.25;62.75;0.0015205213024124024
-122.75;62.75;-0.000807921062354077
-143.25;62.75;-0.00039289465841896195
-130.75;62.75;0.00033612945517741394
-114.75;62.75;-0.00023906583441950745
-124.25;62.75;-0.00020671576709222248
-135.25;62.75;-0.00014900629864040437
-110.75;62.75;0.0002308205258332596
-124.75;62.75;5.604974889580538e-05
-123.25;62.75;-0.0006446343024236851
-136.75;62.75;0.00024432415546004916
-141.75;62.75;-0.0004054279180083097
-122.25;62.75;-0.0009194952537590697
-138.25;62.75;-0.0002793070219973125
-137.25;62.75;0.00014042548651182525
-123.75;62.75;-0.00044174303121228523
-130.25;62.75;0.0006000845089464919
-115.25;62.75;-0.0004931368117390315
-143.75;63.25;-5.793421416165662e-05
-123.75;63.25;5.2685901000278477e-05
-128.25;63.25;0.0005823116137705126
-132.25;63.25;-0.0005224248313617593
-137.75;63.25;3.331030121117076e-05
-118.75;63.25;0.0007717384353221899
-135.75;63.25;0.00026853145060874283
-112.75;63.25;0.00019524796084530608
-111.25;63.25;-0.00021357147936165797
-142.25;63.25;-0.000326055246072767
-119.25;63.25;0.0007390696575787805
-127.75;63.25;0.0007622795606904402
-123.25;63.25;-5.0391850421431855e-05
-136.75;63.25;0.0003857751066552128
-118.25;63.25;0.0006712853373857268
-124.25;63.25;0.0001790180417424058
-142.75;63.25;-0.00035744228584089866
-127.25;63.25;0.0008608085677499545
-143.25;63.25;-0.0002672789263473472
-121.75;63.25;-0.00012358930937768196
-125.25;63.25;0.0004883375959238075
-111.75;63.25;-0.00014614061038230555
-133.25;63.25;-0.000654032150525098
-121.25;63.25;-1.8624521696342413e-05
-125.75;63.25;0.0006504316931946418
-122.25;63.25;-0.00015431291409099776
-117.75;63.25;0.0004626847023227336
-120.75;63.25;0.00015742029356369835
-132.75;63.25;-0.0006063505528959172
-138.75;63.25;-0.00026314516087242736
-112.25;63.25;6.3662381908570415e-06
-126.25;63.25;0.0007865636412064233
-124.75;63.25;0.00032614448011913076
-120.25;63.25;0.0003773123534135915
-126.75;63.25;0.0008654698845642706
-135.25;63.25;2.7996298347923865e-05
-141.25;63.25;-0.00011315438811669005
-133.75;63.25;-0.0006214611453345566
-119.75;63.25;0.0005911647733240933
-122.75;63.25;-0.0001239294184931484
-134.75;63.25;-0.00024838625590313984
-138.25;63.25;-0.0001573593992399591
-131.25;63.25;-0.00037179612032222563
-110.75;63.25;-0.00018295284479951206
-144.25;63.25;0.00021715008286962175
-140.25;63.25;-0.00010047938866885337
-115.75;63.25;-0.00010077523332802034
-129.75;63.25;-7.363024845551527e-05
-129.25;63.25;0.00012274359025884424
-113.75;63.25;0.0004166093010093363
-116.75;63.25;-8.333772326488939e-06
-136.25;63.25;0.00040007410117476067
-114.75;63.25;0.00021346811282986044
-131.75;63.25;-0.0004396762764625073
-130.75;63.25;-0.0003060870115601499
-144.75;63.25;0.0004752566663707313
-134.25;63.25;-0.00048246335273014574
-116.25;63.25;-0.00012147565435078222
-139.75;63.25;-0.00018717173214745163
-110.25;63.25;-7.571080441401396e-05
-114.25;63.25;0.0003628868125581393
-139.25;63.25;-0.000262824454682175
-130.25;63.25;-0.00021482758679442667
-115.25;63.25;3.218759086983568e-05
-117.25;63.25;0.00020921518690140118
-128.75;63.25;0.0003544219277040384
-113.25;63.25;0.0003521513354431008
-141.75;63.25;-0.0002204321373159213
-140.75;63.25;-6.612189381242703e-05
-137.25;63.25;0.00024222216833380235
-142.75;63.75;-2.2645090413597484e-05
-137.25;63.75;0.0002866658648779396
-112.25;63.75;-0.00036231541614520596
-110.25;63.75;-0.0005379260424633785
-122.75;63.75;0.0005251688483495097
-121.75;63.75;0.0007178190662839473
-130.25;63.75;-0.0009530657268668237
-120.25;63.75;0.0011617753463325964
-133.75;63.75;-0.0007211954653801281
-126.75;63.75;0.00011612663710425669
-139.75;63.75;0.00045341964667572354
-111.75;63.75;-0.0005592055628701081
-144.75;63.75;0.0004951963007565151
-141.25;63.75;0.0004322463476913497
-116.25;63.75;0.0002711956350086658
-138.25;63.75;0.00011428411657387076
-125.25;63.75;0.0001729451694005807
-136.25;63.75;0.00041680667743168966
-115.75;63.75;0.0002231092015362515
-122.25;63.75;0.0006174108796548861
-121.25;63.75;0.0008413822892168314
-124.75;63.75;0.00019507078799577493
-125.75;63.75;0.00017256649936637334
-129.75;63.75;-0.0009278250576726501
-141.75;63.75;0.00024150600100465838
-115.25;63.75;0.0002631786865147566
-120.75;63.75;0.0009940427614271489
-138.75;63.75;0.00016141455810614005
-113.75;63.75;0.00029688054146061865
-133.25;63.75;-0.000844178863359434
-132.75;63.75;-0.0008821121782466739
-126.25;63.75;0.0001652420358969022
-119.75;63.75;0.0013088502204915587
-132.25;63.75;-0.0008756065529517529
-143.25;63.75;2.0053182314145777e-05
-116.75;63.75;0.0004312394538191657
-112.75;63.75;-0.00011097147453231976
-137.75;63.75;0.00016874888577045802
-110.75;63.75;-0.0006422122500003383
-118.75;63.75;0.0013594964929324336
-136.75;63.75;0.00039441545154280874
-113.25;63.75;0.00012915350834928762
-139.25;63.75;0.00029492643909815203
-142.25;63.75;6.379248209733669e-05
-140.75;63.75;0.0005540076926990561
-135.75;63.75;0.00031083507173344614
-114.25;63.75;0.00036061417541157756
-111.25;63.75;-0.0006562561483818574
-127.75;63.75;-0.0001853029196937246
-123.25;63.75;0.0004303025278999706
-117.25;63.75;0.000681859956719599
-131.25;63.75;-0.0008880747398702234
-124.25;63.75;0.00025086581765948154
-127.25;63.75;-8.036425256773993e-09
-140.25;63.75;0.0005587342921731554
-143.75;63.75;0.00017104269084989952
-144.25;63.75;0.0003593464851905056
-117.75;63.75;0.0009652839579300218
-130.75;63.75;-0.0009265581119595939
-128.75;63.75;-0.0006431252825163073
-114.75;63.75;0.0003322699294419011
-134.25;63.75;-0.0005007167370252487
-118.25;63.75;0.0012103649512125838
-119.25;63.75;0.0013880298452666564
-135.25;63.75;8.386192689332227e-05
-123.75;63.75;0.0003344688742581145
-128.25;63.75;-0.00041455765435513623
-129.25;63.75;-0.0008241805461948558
-134.75;63.75;-0.0002112800900979794
-131.75;63.75;-0.000869204306332792
-131.25;64.25;-0.0008048817372086149
-115.25;64.25;6.424145558232708e-05
-114.75;64.25;0.00012794665648027873
-133.25;64.25;-0.0006819195146746479
-122.25;64.25;0.0007628818165242824
-111.25;64.25;-0.0006182876432739292
-124.75;64.25;-0.00010281674169656461
-136.25;64.25;0.00040548921591060524
-140.25;64.25;0.0010789512533912198
-110.75;64.25;-0.0006983892382197859
-143.25;64.25;-0.0002724945832428868
-124.25;64.25;5.555045340361054e-05
-122.75;64.25;0.000637875392460078
-141.75;64.25;0.00032385003882391824
-135.25;64.25;0.00015981357858962702
-141.25;64.25;0.0006734725195704027
-133.75;64.25;-0.0005455947447692757
-130.75;64.25;-0.0008650690505644228
-123.25;64.25;0.0004621159235230964
-114.25;64.25;0.0001797704228063008
-117.75;64.25;0.0006991734424544533
-138.25;64.25;0.00047739501999805744
-119.25;64.25;0.001051126345915607
-144.25;64.25;-0.00012341756749371282
-140.75;64.25;0.0009501720578865074
-134.75;64.25;-7.954597531974607e-05
-116.75;64.25;0.0002545114713088864
-112.75;64.25;-8.033231401269917e-05
-129.25;64.25;-0.0009175400501415983
-118.75;64.25;0.001011218738059084
-110.25;64.25;-0.0007125541051932531
-127.75;64.25;-0.0004956137933241457
-139.25;64.25;0.0008728383420350245
-117.25;64.25;0.0004693900497545317
-132.25;64.25;-0.0007592605451911134
-118.25;64.25;0.000891554256185989
-135.75;64.25;0.0003302237433064815
-134.25;64.25;-0.00033350970895165607
-142.25;64.25;1.6751974496114475e-06
-113.25;64.25;8.223360259490637e-05
-137.75;64.25;0.00038227052776910217
-128.25;64.25;-0.0006574116655929087
-123.75;64.25;0.00025596510822252933
-131.75;64.25;-0.0007703566321222349
-127.25;64.25;-0.0003655569874052668
-136.75;64.25;0.0004018266659264521
-143.75;64.25;-0.00021877057475858222
-142.75;64.25;-0.0002085108549306988
-137.25;64.25;0.00037225205856381726
-130.25;64.25;-0.0009269847430865316
-121.75;64.25;0.0008394091251781245
-125.25;64.25;-0.00019941140937086756
-115.75;64.25;4.306162946560678e-05
-121.25;64.25;0.0008874375929064388
-138.75;64.25;0.0006577828409452433
-125.75;64.25;-0.00024073900876967128
-111.75;64.25;-0.00047238634028403986
-129.75;64.25;-0.0009541720842012697
-128.75;64.25;-0.000811349017935432
-132.75;64.25;-0.0007431842264468461
-113.75;64.25;0.00017207972263641344
-126.25;64.25;-0.0002570220907041077
-112.25;64.25;-0.0002803439338952491
-139.75;64.25;0.0010397854105144812
-144.75;64.25;-7.457461928081612e-05
-120.25;64.25;0.000981357243256729
-126.75;64.25;-0.00028831023613830044
-119.75;64.25;0.0010304973370758202
-116.25;64.25;0.00010373815605269198
-120.75;64.25;0.0009307477884074449
-110.75;64.75;-0.0004753116203573231
-127.75;64.75;-0.0003442338104942759
-111.75;64.75;-6.179083878328773e-05
-130.25;64.75;-0.00017087816920139913
-130.75;64.75;-4.815822923257018e-05
-131.25;64.75;4.225055162132537e-05
-131.75;64.75;8.010019403903204e-05
-132.25;64.75;7.092444656015387e-05
-132.75;64.75;4.332111323696638e-05
-133.25;64.75;3.441202436605163e-05
-133.75;64.75;7.053926877370283e-05
-134.25;64.75;0.00015300060662830304
-134.75;64.75;0.00025649966796495596
-135.25;64.75;0.00034182861862322385
-135.75;64.75;0.0003770201660390885
-136.25;64.75;0.0003564232215481754
-136.75;64.75;0.0003074338142010447
-129.75;64.75;-0.0002899627996344989
-137.25;64.75;0.00028012004884133085
-138.25;64.75;0.00045767194380840707
-138.75;64.75;0.0006593438851158032
-139.25;64.75;0.0008625091670974276
-139.75;64.75;0.0009823564123467741
-140.25;64.75;0.0009491225461205884
-140.75;64.75;0.0007387530092769879
-141.25;64.75;0.00038626085622529605
-141.75;64.75;-2.490674575333077e-05
-142.25;64.75;-0.00039365910532994857
-142.75;64.75;-0.0006393231341973231
-143.25;64.75;-0.0007307263268944762
-143.75;64.75;-0.0006940036384474431
-144.25;64.75;-0.0005963291836608809
-144.75;64.75;-0.0005134687024723862
-137.75;64.75;0.0003232867424657846
-129.25;64.75;-0.0003712919392674257
-128.75;64.75;-0.00039866784799635376
-128.25;64.75;-0.00038054311516027173
-112.25;64.75;0.00011713871290922154
-112.75;64.75;0.00022673502383488997
-113.25;64.75;0.00024130163454061848
-113.75;64.75;0.0001575306495153949
-114.25;64.75;-1.0342582026818782e-06
-114.75;64.75;-0.00018862670172337483
-115.25;64.75;-0.0003506344593746943
-115.75;64.75;-0.0004413397715801915
-116.25;64.75;-0.00043916957117805786
-116.75;64.75;-0.00035308243121104686
-117.25;64.75;-0.00021718393581353392
-117.75;64.75;-7.568746741280542e-05
-118.25;64.75;3.535313468750832e-05
-118.75;64.75;0.00010158045806810347
-119.25;64.75;0.00013325864904702276
-119.75;64.75;0.00015653764117607875
-120.25;64.75;0.00019740042741635827
-127.25;64.75;-0.0003207036593464565
-126.75;64.75;-0.00032762260498034074
-126.25;64.75;-0.00035919984091562835
-125.75;64.75;-0.0003879415968134079
-125.25;64.75;-0.00037765619379156914
-124.75;64.75;-0.0003015511405684893
-111.25;64.75;-0.0002722263741178806
-124.25;64.75;-0.00015676093455919778
-123.25;64.75;0.00021971833386713117
-122.75;64.75;0.000361368714227676
-122.25;64.75;0.0004273108192180014
-121.75;64.75;0.0004154454360758429
-121.25;64.75;0.0003494478127889216
-120.75;64.75;0.00026606768894401527
-123.75;64.75;3.171625765354705e-05
-110.25;64.75;-0.0006389722695452502
